1 0 3798
2 3798 1693
3 5491 2743
4 8234 2724
5 10958 556
6 11514 4192
7 15706 6114
8 21820 1780
9 23600 3635
10 27235 2498
11 29733 6066
12 35799 5823
13 41622 7809
14 49431 4982
15 54413 950
16 55363 1316
17 56679 2076
18 58755 4108
19 62863 3537
20 66400 649
21 67049 4102
22 71151 2953
23 74104 2896
24 77000 3548
25 80548 5655
26 86203 4690
27 90893 5137
28 96030 2750
29 98780 9211
30 107991 9449
31 117440 5591
32 123031 2066
33 125097 7398
34 132495 2037
35 134532 3531
36 138063 3777
37 141840 2651
38 144491 8409
39 152900 1351
40 154251 1927
41 156178 3131
42 159309 4603
43 163912 2068
44 165980 1244
45 167224 1264
46 168488 5332
47 173820 2826
48 176646 4059
49 180705 1181
50 181886 2067
51 183953 2189
52 186142 1382
53 187524 2937
54 190461 1629
55 192090 7364
56 199454 5341
57 204795 782
58 205577 577
59 206154 906
60 207060 717
61 207777 578
62 208355 616
63 208971 1386
64 210357 3569
65 213926 3784
66 217710 557
67 218267 2130
68 220397 1383
69 221780 3441
70 225221 6295
71 231516 3313
72 234829 5369
73 240198 3055
74 243253 3856
75 247109 3335
76 250444 3084
77 253528 2146
78 255674 1980
79 257654 3243
80 260897 3822
81 264719 256
82 264975 1987
83 266962 2217
84 269179 3854
85 273033 3845
86 276878 3667
87 280545 11197
88 291742 10120
89 301862 2096
90 303958 3869
91 307827 3493
92 311320 4263
93 315583 1562
94 317145 1503
95 318648 2398
96 321046 1995
97 323041 3147
98 326188 2806
99 328994 1964
100 330958 2434
101 333392 1345
102 334737 5567
103 340304 1290
104 341594 2006
105 343600 2714
106 346314 2470
107 348784 1266
108 350050 1189
109 351239 6870
110 358109 3219
111 361328 2646
112 363974 5294
113 369268 1967
114 371235 2622
115 373857 4827
116 378684 4780
117 383464 4539
118 388003 3140
119 391143 7747
120 398890 5865
121 404755 3581
122 408336 3396
123 411732 2418
124 414150 3547
125 417697 2227
126 419924 2092
127 422016 9241
128 431257 5462
129 436719 7578
130 444297 5494
131 449791 4912
132 454703 8320
133 463023 12005
134 475028 6385
135 481413 1486
136 482899 1911
137 484810 1029
138 485839 5353
139 491192 3006
140 494198 724
141 494922 4244
142 499166 869
143 500035 3202
144 503237 787
145 504024 974
146 504998 4282
147 509280 3724
148 513004 1329
149 514333 1861
150 516194 1202
151 517396 1690
152 519086 932
153 520018 2552
154 522570 4438
155 527008 4736
156 531744 1164
157 532908 2296
158 535204 1010
159 536214 2026
160 538240 947
161 539187 1247
162 540434 1537
163 541971 608
164 542579 4019
165 546598 1502
166 548100 4865
167 552965 2536
168 555501 2120
169 557621 2542
170 560163 2293
171 562456 3538
172 565994 1726
173 567720 1176
174 568896 2660
175 571556 2079
176 573635 1949
177 575584 4344
178 579928 14650
179 594578 2176
180 596754 6639
181 603393 13782
182 617175 9113
183 626288 3757
184 630045 4658
185 634703 3691
186 638394 5723
187 644117 1742
188 645859 9147
189 655006 4038
190 659044 1943
191 660987 9815
192 670802 6538
193 677340 2504
194 679844 4580
195 684424 7602
196 692026 2137
197 694163 3756
198 697919 4364
199 702283 1137
200 703420 2265
201 705685 1523
202 707208 3308
203 710516 1247
204 711763 1823
205 713586 4600
206 718186 1126
207 719312 4267
208 723579 1870
209 725449 2192
210 727641 256
211 727897 5002
212 732899 2676
213 735575 2646
214 738221 406
215 738627 1572
216 740199 1545
217 741744 2234
218 743978 1538
219 745516 1126
220 746642 2712
221 749354 1060
222 750414 374
223 750788 4622
224 755410 1329
225 756739 938
226 757677 3963
227 761640 1385
228 763025 3173
229 766198 2668
230 768866 581
231 769447 1334
232 770781 1283
233 772064 2543
234 774607 1242
235 775849 8194
236 784043 635
237 784678 1380
238 786058 7460
239 793518 3913
240 797431 3760
241 801191 3512
242 804703 7054
243 811757 4967
244 816724 1705
245 818429 1639
246 820068 2082
247 822150 1387
248 823537 551
249 824088 1400
250 825488 2342
251 827830 4537
252 832367 1583
253 833950 11603
254 845553 2098
255 847651 861
256 848512 963
257 849475 1104
258 850579 1869
259 852448 760
260 853208 11616
261 864824 1827
262 866651 3009
263 869660 3790
264 873450 994
265 874444 2254
266 876698 1273
267 877971 4807
268 882778 355
269 883133 7100
270 890233 1087
271 891320 1826
272 893146 2611
273 895757 1529
274 897286 1290
275 898576 6724
276 905300 3584
277 908884 1051
278 909935 3579
279 913514 1697
280 915211 3040
281 918251 1364
282 919615 553
283 920168 820
284 920988 4881
285 925869 1278
286 927147 6491
287 933638 2736
288 936374 488
289 936862 4287
290 941149 565
291 941714 1531
292 943245 2170
293 945415 2840
294 948255 3220
295 951475 1420
296 952895 1578
297 954473 1180
298 955653 1495
299 957148 2394
300 959542 635
301 960177 6757
302 966934 8263
303 975197 3759
304 978956 5064
305 984020 3544
306 987564 1932
307 989496 1035
308 990531 1454
309 991985 1213
310 993198 2142
311 995340 1342
312 996682 1781
313 998463 1851
314 1000314 2225
315 1002539 1847
316 1004386 7710
317 1012096 18398
318 1030494 3922
319 1034416 4454
320 1038870 3389
321 1042259 3592
322 1045851 10556
323 1056407 4108
324 1060515 1262
325 1061777 937
326 1062714 1549
327 1064263 1010
328 1065273 2018
329 1067291 4507
330 1071798 1675
331 1073473 6287
332 1079760 7743
333 1087503 2038
334 1089541 4048
335 1093589 2718
336 1096307 4816
337 1101123 8893
338 1110016 5022
339 1115038 8020
340 1123058 4830
341 1127888 10084
342 1137972 2257
343 1140229 1662
344 1141891 2146
345 1144037 1921
346 1145958 2482
347 1148440 2940
348 1151380 2628
349 1154008 13347
350 1167355 2535
351 1169890 2306
352 1172196 2560
353 1174756 3132
354 1177888 1633
355 1179521 10206
356 1189727 9698
357 1199425 4766
358 1204191 7046
359 1211237 3706
360 1214943 3473
361 1218416 2893
362 1221309 5924
363 1227233 3130
364 1230363 5905
365 1236268 4819
366 1241087 13781
367 1254868 3877
368 1258745 3016
369 1261761 1670
370 1263431 8155
371 1271586 5738
372 1277324 12549
373 1289873 3862
374 1293735 2251
375 1295986 5514
376 1301500 5896
377 1307396 7974
378 1315370 10189
379 1325559 3649
380 1329208 3435
381 1332643 2231
382 1334874 431
383 1335305 3830
384 1339135 2077
385 1341212 1530
386 1342742 7425
387 1350167 1067
388 1351234 991
389 1352225 1724
390 1353949 3325
391 1357274 1872
392 1359146 4108
393 1363254 2217
394 1365471 4074
395 1369545 1444
396 1370989 4967
397 1375956 2649
398 1378605 1800
399 1380405 2023
400 1382428 1532
401 1383960 2044
402 1386004 3164
403 1389168 6367
404 1395535 1031
405 1396566 6688
406 1403254 985
407 1404239 1195
408 1405434 836
409 1406270 6360
410 1412630 2892
411 1415522 5126
412 1420648 9117
413 1429765 7402
414 1437167 1879
415 1439046 5538
416 1444584 3648
417 1448232 1557
418 1449789 689
419 1450478 3332
420 1453810 9218
421 1463028 2927
422 1465955 2265
423 1468220 5762
424 1473982 1348
425 1475330 4460
426 1479790 740
427 1480530 2601
428 1483131 1586
429 1484717 1183
430 1485900 2565
431 1488465 4409
432 1492874 2974
433 1495848 5479
434 1501327 5913
435 1507240 4512
436 1511752 2809
437 1514561 2115
438 1516676 1117
439 1517793 855
440 1518648 2686
441 1521334 5830
442 1527164 995
443 1528159 1855
444 1530014 1782
445 1531796 7520
446 1539316 1254
447 1540570 2274
448 1542844 2479
449 1545323 1441
450 1546764 630
451 1547394 5051
452 1552445 6169
453 1558614 11671
454 1570285 1265
455 1571550 2390
456 1573940 1077
457 1575017 1312
458 1576329 2230
459 1578559 2868
460 1581427 5234
461 1586661 2488
462 1589149 3070
463 1592219 20127
464 1612346 2896
465 1615242 1660
466 1616902 2294
467 1619196 1811
468 1621007 1508
469 1622515 7398
470 1629913 4650
471 1634563 12638
472 1647201 2460
473 1649661 1870
474 1651531 1493
475 1653024 3156
476 1656180 1426
477 1657606 3928
478 1661534 1151
479 1662685 1178
480 1663863 1384
481 1665247 2433
482 1667680 2007
483 1669687 2408
484 1672095 3513
485 1675608 247
486 1675855 1018
487 1676873 7367
488 1684240 5257
489 1689497 6617
490 1696114 4481
491 1700595 3746
492 1704341 2797
493 1707138 30970
494 1738108 4009
495 1742117 5334
496 1747451 2892
497 1750343 2012
498 1752355 4790
499 1757145 1273
500 1758418 2609
501 1761027 5177
502 1766204 7870
503 1774074 5364
504 1779438 11053
505 1790491 1878
506 1792369 7313
507 1799682 3734
508 1803416 7972
509 1811388 524
510 1811912 5259
511 1817171 2540
512 1819711 3127
513 1822838 3925
514 1826763 795
515 1827558 917
516 1828475 5718
517 1834193 1530
518 1835723 2184
519 1837907 2664
520 1840571 3712
521 1844283 3316
522 1847599 2132
523 1849731 4872
524 1854603 10188
525 1864791 633
526 1865424 3210
527 1868634 3499
528 1872133 5360
529 1877493 3809
530 1881302 6294
531 1887596 9902
532 1897498 2121
533 1899619 1677
534 1901296 3169
535 1904465 5626
536 1910091 3714
537 1913805 2028
538 1915833 4440
539 1920273 1410
540 1921683 9499
541 1931182 4622
542 1935804 2627
543 1938431 3621
544 1942052 1849
545 1943901 1529
546 1945430 1551
547 1946981 4762
548 1951743 2937
549 1954680 8605
550 1963285 7821
551 1971106 5352
552 1976458 3087
553 1979545 7170
554 1986715 1240
555 1987955 2847
556 1990802 2634
557 1993436 1994
558 1995430 2363
559 1997793 570
560 1998363 5927
561 2004290 563
562 2004853 2119
563 2006972 6671
564 2013643 5926
565 2019569 2564
566 2022133 3118
567 2025251 8985
568 2034236 3660
569 2037896 3937
570 2041833 3084
571 2044917 9000
572 2053917 4084
573 2058001 3437
574 2061438 3682
575 2065120 1511
576 2066631 4526
577 2071157 1066
578 2072223 1820
579 2074043 5640
580 2079683 2139
581 2081822 1840
582 2083662 15898
583 2099560 5977
584 2105537 2298
585 2107835 2662
586 2110497 5447
587 2115944 3966
588 2119910 13815
589 2133725 3870
590 2137595 1893
591 2139488 3683
592 2143171 6638
593 2149809 3005
594 2152814 609
595 2153423 4734
596 2158157 4600
597 2162757 2754
598 2165511 4787
599 2170298 2202
600 2172500 784
601 2173284 5153
602 2178437 9838
603 2188275 1699
604 2189974 788
605 2190762 773
606 2191535 2967
607 2194502 1917
608 2196419 2358
609 2198777 3229
610 2202006 2939
611 2204945 3002
612 2207947 3054
613 2211001 2484
614 2213485 2515
615 2216000 2584
616 2218584 900
617 2219484 1642
618 2221126 5876
619 2227002 2624
620 2229626 1334
621 2230960 2091
622 2233051 1626
623 2234677 2944
624 2237621 5849
625 2243470 1241
626 2244711 2868
627 2247579 1890
628 2249469 1283
629 2250752 1167
630 2251919 1824
631 2253743 6038
632 2259781 1848
633 2261629 3486
634 2265115 1641
635 2266756 659
636 2267415 2750
637 2270165 945
638 2271110 5807
639 2276917 5257
640 2282174 1659
641 2283833 810
642 2284643 839
643 2285482 2531
644 2288013 5846
645 2293859 3785
646 2297644 3761
647 2301405 3719
648 2305124 3814
649 2308938 3868
650 2312806 3896
651 2316702 4100
652 2320802 3917
653 2324719 3842
654 2328561 3866
655 2332427 3884
656 2336311 3803
657 2340114 3842
658 2343956 3860
659 2347816 3856
660 2351672 3903
661 2355575 3742
662 2359317 675
663 2359992 5866
664 2365858 731
665 2366589 2851
666 2369440 2914
667 2372354 1139
668 2373493 1322
669 2374815 7627
670 2382442 1531
671 2383973 2343
672 2386316 2143
673 2388459 1504
674 2389963 1030
675 2390993 1749
676 2392742 2669
677 2395411 1956
678 2397367 17087
679 2414454 1593
680 2416047 4894
681 2420941 2155
682 2423096 2866
683 2425962 6326
684 2432288 580
685 2432868 4080
686 2436948 2088
687 2439036 1259
688 2440295 4705
689 2445000 900
690 2445900 2164
691 2448064 1942
692 2450006 4229
693 2454235 4742
694 2458977 9284
695 2468261 4177
696 2472438 2753
697 2475191 891
698 2476082 856
699 2476938 955
700 2477893 1099
701 2478992 3182
702 2482174 5215
703 2487389 5606
704 2492995 4740
705 2497735 5577
706 2503312 1919
707 2505231 3923
708 2509154 6121
709 2515275 2504
710 2517779 4476
711 2522255 1013
712 2523268 830
713 2524098 4214
714 2528312 2711
715 2531023 3000
716 2534023 1294
717 2535317 1987
718 2537304 2360
719 2539664 2778
720 2542442 2346
721 2544788 1333
722 2546121 4741
723 2550862 4622
724 2555484 3619
725 2559103 3172
726 2562275 4146
727 2566421 4545
728 2570966 2815
729 2573781 3863
730 2577644 2350
731 2579994 1781
732 2581775 2339
733 2584114 20540
734 2604654 3352
735 2608006 4124
736 2612130 1959
737 2614089 8774
738 2622863 2718
739 2625581 5357
740 2630938 5389
741 2636327 3729
742 2640056 4210
743 2644266 5972
744 2650238 3069
745 2653307 5502
746 2658809 1778
747 2660587 2661
748 2663248 5072
749 2668320 4829
750 2673149 3352
751 2676501 5460
752 2681961 5531
753 2687492 4318
754 2691810 2578
755 2694388 4452
756 2698840 7440
757 2706280 225
758 2706505 4771
759 2711276 210
760 2711486 942
761 2712428 833
762 2713261 2274
763 2715535 1819
764 2717354 977
765 2718331 1879
766 2720210 12177
767 2732387 4475
768 2736862 1921
769 2738783 6928
770 2745711 10021
771 2755732 1156
772 2756888 9985
773 2766873 3420
774 2770293 1442
775 2771735 3556
776 2775291 5406
777 2780697 4706
778 2785403 5581
779 2790984 3496
780 2794480 1775
781 2796255 821
782 2797076 2619
783 2799695 3980
784 2803675 3568
785 2807243 5209
786 2812452 5296
787 2817748 1354
788 2819102 9413
789 2828515 3328
790 2831843 634
791 2832477 1587
792 2834064 3359
793 2837423 1921
794 2839344 3316
795 2842660 5152
796 2847812 2171
797 2849983 5871
798 2855854 2341
799 2858195 4256
800 2862451 4957
801 2867408 2016
802 2869424 3181
803 2872605 2498
804 2875103 7834
805 2882937 2711
806 2885648 2062
807 2887710 6265
808 2893975 4293
809 2898268 4413
810 2902681 3882
811 2906563 6935
812 2913498 3652
813 2917150 3332
814 2920482 4672
815 2925154 5314
816 2930468 4491
817 2934959 3467
818 2938426 4169
819 2942595 1187
820 2943782 7995
821 2951777 4619
822 2956396 4437
823 2960833 4422
824 2965255 4134
825 2969389 5612
826 2975001 7846
827 2982847 2394
828 2985241 2175
829 2987416 2998
830 2990414 2992
831 2993406 4662
832 2998068 5477
833 3003545 3216
834 3006761 4136
835 3010897 5508
836 3016405 4730
837 3021135 5166
838 3026301 2538
839 3028839 2776
840 3031615 3016
841 3034631 8310
842 3042941 1276
843 3044217 818
844 3045035 251
845 3045286 4196
846 3049482 3392
847 3052874 1592
848 3054466 9997
849 3064463 3116
850 3067579 8803
851 3076382 4011
852 3080393 5293
853 3085686 4980
854 3090666 8632
855 3099298 4845
856 3104143 3968
857 3108111 569
858 3108680 4734
859 3113414 4442
860 3117856 3862
861 3121718 5873
862 3127591 7265
863 3134856 6517
864 3141373 2621
865 3143994 3408
866 3147402 1015
867 3148417 22959
868 3171376 18629
869 3190005 2631
870 3192636 8525
871 3201161 1694
872 3202855 2442
873 3205297 7184
874 3212481 3387
875 3215868 11062
876 3226930 2923
877 3229853 3559
878 3233412 3270
879 3236682 4884
880 3241566 7313
881 3248879 6951
882 3255830 6240
883 3262070 1122
884 3263192 2833
885 3266025 3494
886 3269519 1094
887 3270613 2485
888 3273098 1601
889 3274699 6392
890 3281091 13673
891 3294764 2145
892 3296909 13001
893 3309910 6518
894 3316428 2926
895 3319354 5080
896 3324434 2011
897 3326445 9093
898 3335538 6612
899 3342150 2528
900 3344678 6494
901 3351172 2740
902 3353912 772
903 3354684 5997
904 3360681 3373
905 3364054 8990
906 3373044 4062
907 3377106 2088
908 3379194 3469
909 3382663 7635
910 3390298 2679
911 3392977 2776
912 3395753 9707
913 3405460 19384
914 3424844 3155
915 3427999 2792
916 3430791 5415
917 3436206 2300
918 3438506 4306
919 3442812 6635
920 3449447 1009
921 3450456 4928
922 3455384 8327
923 3463711 5394
924 3469105 6725
925 3475830 969
926 3476799 3834
927 3480633 2998
928 3483631 3633
929 3487264 2589
930 3489853 3749
931 3493602 4735
932 3498337 9679
933 3508016 9686
934 3517702 11578
935 3529280 2202
936 3531482 4845
937 3536327 3067
938 3539394 1697
939 3541091 5835
940 3546926 2080
941 3549006 1972
942 3550978 8441
943 3559419 8844
944 3568263 2807
945 3571070 4542
946 3575612 3197
947 3578809 1993
948 3580802 10698
949 3591500 6331
950 3597831 4932
951 3602763 5355
952 3608118 1369
953 3609487 1905
954 3611392 3654
955 3615046 245
956 3615291 3753
957 3619044 2582
958 3621626 7737
959 3629363 7054
960 3636417 6537
961 3642954 8851
962 3651805 3202
963 3655007 2862
964 3657869 1895
965 3659764 7112
966 3666876 3463
967 3670339 2702
968 3673041 1214
969 3674255 11688
970 3685943 10892
971 3696835 9953
972 3706788 6988
973 3713776 8988
974 3722764 2344
975 3725108 571
976 3725679 2826
977 3728505 674
978 3729179 6424
979 3735603 4351
980 3739954 2373
981 3742327 9244
982 3751571 6572
983 3758143 1613
984 3759756 7465
985 3767221 2784
986 3770005 7735
987 3777740 4526
988 3782266 2991
989 3785257 6361
990 3791618 9305
991 3800923 3025
992 3803948 4437
993 3808385 3949
994 3812334 1767
995 3814101 6569
996 3820670 5526
997 3826196 5285
998 3831481 8081
999 3839562 1889
1000 3841451 2872
1001 3844323 8122
1002 3852445 11586
1003 3864031 2084
1004 3866115 3644
1005 3869759 5206
1006 3874965 5371
1007 3880336 5199
1008 3885535 6377
1009 3891912 1070
1010 3892982 7235
1011 3900217 2980
1012 3903197 9572
1013 3912769 4256
1014 3917025 6461
1015 3923486 2922
1016 3926408 1631
1017 3928039 2958
1018 3930997 3438
1019 3934435 1809
1020 3936244 5591
1021 3941835 9109
1022 3950944 224
1023 3951168 2330
1024 3953498 8457
1025 3961955 6835
1026 3968790 6497
1027 3975287 3726
1028 3979013 3419
1029 3982432 2925
1030 3985357 3451
1031 3988808 507
1032 3989315 2205
1033 3991520 3963
1034 3995483 3652
1035 3999135 2947
1036 4002082 3616
1037 4005698 2733
1038 4008431 6598
1039 4015029 9459
1040 4024488 8476
1041 4032964 10563
1042 4043527 9730
1043 4053257 10312
1044 4063569 7994
1045 4071563 5510
1046 4077073 6280
1047 4083353 7529
1048 4090882 3587
1049 4094469 4026
1050 4098495 2407
1051 4100902 1594
1052 4102496 1699
1053 4104195 3188
1054 4107383 3550
1055 4110933 7636
1056 4118569 6378
1057 4124947 5973
1058 4130920 3609
1059 4134529 4630
1060 4139159 3520
1061 4142679 11640
1062 4154319 5188
1063 4159507 6677
1064 4166184 4842
1065 4171026 1107
1066 4172133 4203
1067 4176336 3694
1068 4180030 3479
1069 4183509 4348
1070 4187857 4941
1071 4192798 4594
1072 4197392 8022
1073 4205414 2282
1074 4207696 5574
1075 4213270 4414
1076 4217684 6568
1077 4224252 4826
1078 4229078 2204
1079 4231282 2180
1080 4233462 1530
1081 4234992 3350
1082 4238342 4632
1083 4242974 4171
1084 4247145 6272
1085 4253417 8614
1086 4262031 1890
1087 4263921 5817
1088 4269738 7311
1089 4277049 1322
1090 4278371 3457
1091 4281828 4144
1092 4285972 1663
1093 4287635 7331
1094 4294966 2791
1095 4297757 10176
1096 4307933 4329
1097 4312262 5841
1098 4318103 851
1099 4318954 3793
1100 4322747 2012
1101 4324759 4368
1102 4329127 5512
1103 4334639 3068
1104 4337707 2800
1105 4340507 3793
1106 4344300 2175
1107 4346475 4059
1108 4350534 13190
1109 4363724 2566
1110 4366290 1970
1111 4368260 3674
1112 4371934 3917
1113 4375851 3927
1114 4379778 1948
1115 4381726 5490
1116 4387216 6928
1117 4394144 2560
1118 4396704 4634
1119 4401338 7028
1120 4408366 1555
1121 4409921 2536
1122 4412457 2725
1123 4415182 866
1124 4416048 5413
1125 4421461 321
1126 4421782 890
1127 4422672 3629
1128 4426301 5978
1129 4432279 1290
1130 4433569 1437
1131 4435006 3739
1132 4438745 4635
1133 4443380 2439
1134 4445819 2255
1135 4448074 3829
1136 4451903 4113
1137 4456016 981
1138 4456997 2990
1139 4459987 1192
1140 4461179 1836
1141 4463015 2055
1142 4465070 3179
1143 4468249 7196
1144 4475445 8665
1145 4484110 4019
1146 4488129 4050
1147 4492179 4680
1148 4496859 3956
1149 4500815 4683
1150 4505498 1210
1151 4506708 4269
1152 4510977 2761
1153 4513738 1769
1154 4515507 1131
1155 4516638 4093
1156 4520731 3929
1157 4524660 2943
1158 4527603 1343
1159 4528946 3219
1160 4532165 7744
1161 4539909 19127
1162 4559036 2250
1163 4561286 3838
1164 4565124 1700
1165 4566824 4306
1166 4571130 5174
1167 4576304 8907
1168 4585211 3197
1169 4588408 13430
1170 4601838 3798
1171 4605636 238
1172 4605874 6428
1173 4612302 8764
1174 4621066 5821
1175 4626887 2220
1176 4629107 5028
1177 4634135 1267
1178 4635402 3917
1179 4639319 6418
1180 4645737 1718
1181 4647455 3493
1182 4650948 2859
1183 4653807 6346
1184 4660153 5449
1185 4665602 1860
1186 4667462 6808
1187 4674270 3727
1188 4677997 10488
1189 4688485 7034
1190 4695519 4616
1191 4700135 3578
1192 4703713 6506
1193 4710219 9692
1194 4719911 1646
1195 4721557 2831
1196 4724388 2454
1197 4726842 4613
1198 4731455 8767
1199 4740222 1639
1200 4741861 4869
1201 4746730 1662
1202 4748392 259
1203 4748651 2859
1204 4751510 986
1205 4752496 1163
1206 4753659 15616
1207 4769275 6471
1208 4775746 14002
1209 4789748 775
1210 4790523 2808
1211 4793331 2090
1212 4795421 2647
1213 4798068 2823
1214 4800891 1816
1215 4802707 20102
1216 4822809 9077
1217 4831886 3610
1218 4835496 3592
1219 4839088 3433
1220 4842521 2141
1221 4844662 3400
1222 4848062 468
1223 4848530 2585
1224 4851115 2947
1225 4854062 13968
1226 4868030 1845
1227 4869875 4146
1228 4874021 2798
1229 4876819 3007
1230 4879826 967
1231 4880793 726
1232 4881519 20188
1233 4901707 3884
1234 4905591 268
1235 4905859 28674
1236 4934533 4252
1237 4938785 7439
1238 4946224 9369
1239 4955593 30350
1240 4985943 19721
1241 5005664 988
1242 5006652 654
1243 5007306 2362
1244 5009668 1652
1245 5011320 5003
1246 5016323 3353
1247 5019676 4086
1248 5023762 2538
1249 5026300 4629
1250 5030929 1182
1251 5032111 2041
1252 5034152 707
1253 5034859 459
1254 5035318 9957
1255 5045275 2338
1256 5047613 891
1257 5048504 30490
1258 5078994 3580
1259 5082574 969
1260 5083543 2623
1261 5086166 3161
1262 5089327 368
1263 5089695 7252
1264 5096947 19069
1265 5116016 5740
1266 5121756 1340
1267 5123096 2217
1268 5125313 2385
1269 5127698 2646
1270 5130344 2588
1271 5132932 1282
1272 5134214 9037
1273 5143251 3685
1274 5146936 2183
1275 5149119 2396
1276 5151515 22133
1277 5173648 890
1278 5174538 433
1279 5174971 1189
1280 5176160 3882
1281 5180042 1173
1282 5181215 3576
1283 5184791 3288
1284 5188079 1615
1285 5189694 1384
1286 5191078 2054
1287 5193132 2195
1288 5195327 1321
1289 5196648 1351
1290 5197999 3933
1291 5201932 590
1292 5202522 6508
1293 5209030 2612
1294 5211642 3710
1295 5215352 858
1296 5216210 1309
1297 5217519 2455
1298 5219974 727
1299 5220701 826
1300 5221527 5055
1301 5226582 2185
1302 5228767 1047
1303 5229814 5484
1304 5235298 2016
1305 5237314 1546
1306 5238860 1901
1307 5240761 1215
1308 5241976 1222
1309 5243198 7003
1310 5250201 3801
1311 5254002 1067
1312 5255069 2517
1313 5257586 2276
1314 5259862 3267
1315 5263129 2632
1316 5265761 30087
1317 5295848 1141
1318 5296989 1791
1319 5298780 5154
1320 5303934 1295
1321 5305229 1695
1322 5306924 1776
1323 5308700 2455
1324 5311155 1723
1325 5312878 1627
1326 5314505 2684
1327 5317189 3267
1328 5320456 4709
1329 5325165 1829
1330 5326994 1000
1331 5327994 1539
1332 5329533 2099
1333 5331632 1573
1334 5333205 1845
1335 5335050 1333
1336 5336383 1952
1337 5338335 1668
1338 5340003 905
1339 5340908 2763
1340 5343671 1920
1341 5345591 6200
1342 5351791 2774
1343 5354565 1449
1344 5356014 1251
1345 5357265 2733
1346 5359998 1502
1347 5361500 2362
1348 5363862 1513
1349 5365375 1385
1350 5366760 2237
1351 5368997 1566
1352 5370563 1761
1353 5372324 5265
1354 5377589 2633
1355 5380222 5655
1356 5385877 1721
1357 5387598 1343
1358 5388941 3016
1359 5391957 1648
1360 5393605 2836
1361 5396441 1340
1362 5397781 907
1363 5398688 1654
1364 5400342 4042
1365 5404384 3283
1366 5407667 3032
1367 5410699 3404
1368 5414103 2759
1369 5416862 1454
1370 5418316 1417
1371 5419733 931
1372 5420664 2212
1373 5422876 1674
1374 5424550 1137
1375 5425687 3371
1376 5429058 3248
1377 5432306 3825
1378 5436131 1801
1379 5437932 4919
1380 5442851 3911
1381 5446762 1814
1382 5448576 1832
1383 5450408 1016
1384 5451424 1317
1385 5452741 1032
1386 5453773 1209
1387 5454982 5133
1388 5460115 2328
1389 5462443 1902
1390 5464345 1176
1391 5465521 1339
1392 5466860 1285
1393 5468145 4230
1394 5472375 1553
1395 5473928 2736
1396 5476664 2188
1397 5478852 1146
1398 5479998 1881
1399 5481879 5046
1400 5486925 2385
1401 5489310 1639
1402 5490949 3127
1403 5494076 1228
1404 5495304 633
1405 5495937 1619
1406 5497556 1690
1407 5499246 1616
1408 5500862 8870
1409 5509732 7833
1410 5517565 4485
1411 5522050 2976
1412 5525026 659
1413 5525685 7741
1414 5533426 4099
1415 5537525 12606
1416 5550131 4980
1417 5555111 2579
1418 5557690 3955
1419 5561645 16259
1420 5577904 6365
1421 5584269 2676
1422 5586945 355
1423 5587300 2405
1424 5589705 3912
1425 5593617 2874
1426 5596491 13617
1427 5610108 7988
1428 5618096 1965
1429 5620061 2836
1430 5622897 1987
1431 5624884 1905
1432 5626789 3527
1433 5630316 2272
1434 5632588 3114
1435 5635702 2047
1436 5637749 1885
1437 5639634 2247
1438 5641881 2993
1439 5644874 2913
1440 5647787 1986
1441 5649773 2271
1442 5652044 2246
1443 5654290 1884
1444 5656174 2046
1445 5658220 2660
1446 5660880 3377
1447 5664257 2224
1448 5666481 1967
1449 5668448 1830
1450 5670278 2142
1451 5672420 4558
1452 5676978 3954
1453 5680932 3856
1454 5684788 3063
1455 5687851 2508
1456 5690359 2623
1457 5692982 2388
1458 5695370 2429
1459 5697799 4558
1460 5702357 370
1461 5702727 5921
1462 5708648 3954
1463 5712602 3856
1464 5716458 10010
1465 5726468 2864
1466 5729332 1016
1467 5730348 4480
1468 5734828 7228
1469 5742056 355
1470 5742411 3255
1471 5745666 2728
1472 5748394 2435
1473 5750829 2654
1474 5753483 3625
1475 5757108 4410
1476 5761518 2667
1477 5764185 5048
1478 5769233 2806
1479 5772039 8284
1480 5780323 2809
1481 5783132 6344
1482 5789476 2503
1483 5791979 1276
1484 5793255 17897
1485 5811152 9930
1486 5821082 3017
1487 5824099 3300
1488 5827399 5944
1489 5833343 3539
1490 5836882 1998
1491 5838880 3136
1492 5842016 4551
1493 5846567 4432
1494 5850999 3776
1495 5854775 3048
1496 5857823 24632
1497 5882455 11389
1498 5893844 16381
1499 5910225 30784
1500 5941009 3842
1501 5944851 5714
1502 5950565 2598
1503 5953163 8628
1504 5961791 7451
1505 5969242 2465
1506 5971707 1509
1507 5973216 1689
1508 5974905 2722
1509 5977627 2630
1510 5980257 2301
1511 5982558 3112
1512 5985670 2118
1513 5987788 3036
1514 5990824 7004
1515 5997828 6410
1516 6004238 6942
1517 6011180 6821
1518 6018001 3993
1519 6021994 8174
1520 6030168 7835
1521 6038003 3165
1522 6041168 1848
1523 6043016 3032
1524 6046048 1664
1525 6047712 3074
1526 6050786 3485
1527 6054271 1909
1528 6056180 1576
1529 6057756 4820
1530 6062576 1793
1531 6064369 1567
1532 6065936 2513
1533 6068449 3664
1534 6072113 2112
1535 6074225 1507
1536 6075732 2860
1537 6078592 7866
1538 6086458 3381
1539 6089839 3674
1540 6093513 8923
1541 6102436 3782
1542 6106218 2873
1543 6109091 2250
1544 6111341 3616
1545 6114957 3543
1546 6118500 2119
1547 6120619 1648
1548 6122267 1842
1549 6124109 6408
1550 6130517 3247
1551 6133764 2283
1552 6136047 1908
1553 6137955 3470
1554 6141425 5552
1555 6146977 2053
1556 6149030 4198
1557 6153228 2762
1558 6155990 3805
1559 6159795 1794
1560 6161589 1585
1561 6163174 1594
1562 6164768 1666
1563 6166434 3696
1564 6170130 2781
1565 6172911 4008
1566 6176919 2427
1567 6179346 2441
1568 6181787 2635
1569 6184422 2418
1570 6186840 2580
1571 6189420 23299
1572 6212719 3260
1573 6215979 3662
1574 6219641 6364
1575 6226005 3133
1576 6229138 3341
1577 6232479 3454
1578 6235933 5281
1579 6241214 1656
1580 6242870 2633
1581 6245503 3463
1582 6248966 2494
1583 6251460 1122
1584 6252582 2405
1585 6254987 5125
1586 6260112 4269
1587 6264381 3060
1588 6267441 3819
1589 6271260 2681
1590 6273941 5462
1591 6279403 2569
1592 6281972 3831
1593 6285803 1141
1594 6286944 5356
1595 6292300 1484
1596 6293784 1256
1597 6295040 2086
1598 6297126 7485
1599 6304611 3371
1600 6307982 2579
1601 6310561 719
1602 6311280 710
1603 6311990 733
1604 6312723 714
1605 6313437 753
1606 6314190 731
1607 6314921 742
1608 6315663 688
1609 6316351 683
1610 6317034 706
1611 6317740 691
1612 6318431 769
1613 6319200 737
1614 6319937 715
1615 6320652 683
1616 6321335 726
1617 6322061 679
1618 6322740 711
1619 6323451 696
1620 6324147 684
1621 6324831 704
1622 6325535 697
1623 6326232 707
1624 6326939 701
1625 6327640 719
1626 6328359 753
1627 6329112 703
1628 6329815 736
1629 6330551 716
1630 6331267 712
1631 6331979 731
1632 6332710 713
1633 6333423 719
1634 6334142 751
1635 6334893 706
1636 6335599 739
1637 6336338 748
1638 6337086 725
1639 6337811 749
1640 6338560 710
1641 6339270 726
1642 6339996 758
1643 6340754 738
1644 6341492 714
1645 6342206 689
1646 6342895 722
1647 6343617 702
1648 6344319 712
1649 6345031 689
1650 6345720 716
1651 6346436 704
1652 6347140 702
1653 6347842 704
1654 6348546 698
1655 6349244 710
1656 6349954 752
1657 6350706 708
1658 6351414 738
1659 6352152 718
1660 6352870 683
1661 6353553 721
1662 6354274 714
1663 6354988 734
1664 6355722 716
1665 6356438 753
1666 6357191 688
1667 6357879 707
1668 6358586 739
1669 6359325 714
1670 6360039 721
1671 6360760 713
1672 6361473 716
1673 6362189 734
1674 6362923 753
1675 6363676 707
1676 6364383 737
1677 6365120 702
1678 6365822 765
1679 6366587 719
1680 6367306 694
1681 6368000 723
1682 6368723 706
1683 6369429 717
1684 6370146 705
1685 6370851 692
1686 6371543 705
1687 6372248 700
1688 6372948 717
1689 6373665 701
1690 6374366 755
1691 6375121 728
1692 6375849 709
1693 6376558 738
1694 6377296 706
1695 6378002 709
1696 6378711 714
1697 6379425 714
1698 6380139 712
1699 6380851 734
1700 6381585 715
1701 6382300 752
1702 6383052 708
1703 6383760 739
1704 6384499 747
1705 6385246 714
1706 6385960 690
1707 6386650 716
1708 6387366 714
1709 6388080 733
1710 6388813 721
1711 6389534 753
1712 6390287 708
1713 6390995 712
1714 6391707 706
1715 6392413 763
1716 6393176 738
1717 6393914 705
1718 6394619 717
1719 6395336 717
1720 6396053 692
1721 6396745 709
1722 6397454 704
1723 6398158 708
1724 6398866 696
1725 6399562 711
1726 6400273 705
1727 6400978 709
1728 6401687 707
1729 6402394 724
1730 6403118 753
1731 6403871 678
1732 6404549 736
1733 6405285 708
1734 6405993 738
1735 6406731 714
1736 6407445 749
1737 6408194 735
1738 6408929 718
1739 6409647 713
1740 6410360 750
1741 6411110 708
1742 6411818 764
1743 6412582 688
1744 6413270 697
1745 6413967 736
1746 6414703 717
1747 6415420 716
1748 6416136 724
1749 6416860 753
1750 6417613 715
1751 6418328 733
1752 6419061 745
1753 6419806 712
1754 6420518 722
1755 6421240 709
1756 6421949 760
1757 6422709 764
1758 6423473 712
1759 6424185 738
1760 6424923 709
1761 6425632 698
1762 6426330 702
1763 6427032 706
1764 6427738 703
1765 6428441 735
1766 6429176 715
1767 6429891 692
1768 6430583 694
1769 6431277 694
1770 6431971 706
1771 6432677 705
1772 6433382 734
1773 6434116 724
1774 6434840 745
1775 6435585 707
1776 6436292 748
1777 6437040 737
1778 6437777 711
1779 6438488 736
1780 6439224 728
1781 6439952 740
1782 6440692 724
1783 6441416 723
1784 6442139 748
1785 6442887 704
1786 6443591 250
1787 6443841 233
1788 6444074 737
1789 6444811 720
1790 6445531 748
1791 6446279 756
1792 6447035 709
1793 6447744 714
1794 6448458 737
1795 6449195 701
1796 6449896 707
1797 6450603 702
1798 6451305 701
1799 6452006 743
1800 6452749 700
1801 6453449 714
1802 6454163 700
1803 6454863 683
1804 6455546 702
1805 6456248 706
1806 6456954 691
1807 6457645 704
1808 6458349 701
1809 6459050 719
1810 6459769 699
1811 6460468 708
1812 6461176 744
1813 6461920 749
1814 6462669 764
1815 6463433 738
1816 6464171 704
1817 6464875 714
1818 6465589 735
1819 6466324 698
1820 6467022 737
1821 6467759 694
1822 6468453 710
1823 6469163 722
1824 6469885 707
1825 6470592 720
1826 6471312 744
1827 6472056 704
1828 6472760 697
1829 6473457 737
1830 6474194 707
1831 6474901 722
1832 6475623 699
1833 6476322 744
1834 6477066 708
1835 6477774 725
1836 6478499 710
1837 6479209 720
1838 6479929 758
1839 6480687 753
1840 6481440 764
1841 6482204 706
1842 6482910 778
1843 6483688 735
1844 6484423 704
1845 6485127 709
1846 6485836 698
1847 6486534 729
1848 6487263 688
1849 6487951 694
1850 6488645 717
1851 6489362 697
1852 6490059 715
1853 6490774 702
1854 6491476 729
1855 6492205 693
1856 6492898 743
1857 6493641 727
1858 6494368 706
1859 6495074 736
1860 6495810 702
1861 6496512 708
1862 6497220 743
1863 6497963 730
1864 6498693 708
1865 6499401 709
1866 6500110 721
1867 6500831 705
1868 6501536 736
1869 6502272 740
1870 6503012 702
1871 6503714 694
1872 6504408 746
1873 6505154 713
1874 6505867 706
1875 6506573 731
1876 6507304 721
1877 6508025 699
1878 6508724 737
1879 6509461 776
1880 6510237 736
1881 6510973 708
1882 6511681 755
1883 6512436 754
1884 6513190 747
1885 6513937 763
1886 6514700 766
1887 6515466 740
1888 6516206 735
1889 6516941 736
1890 6517677 753
1891 6518430 738
1892 6519168 723
1893 6519891 746
1894 6520637 688
1895 6521325 699
1896 6522024 736
1897 6522760 709
1898 6523469 746
1899 6524215 709
1900 6524924 731
1901 6525655 710
1902 6526365 718
1903 6527083 697
1904 6527780 738
1905 6528518 723
1906 6529241 683
1907 6529924 747
1908 6530671 713
1909 6531384 712
1910 6532096 736
1911 6532832 718
1912 6533550 749
1913 6534299 700
1914 6534999 785
1915 6535784 784
1916 6536568 775
1917 6537343 736
1918 6538079 720
1919 6538799 687
1920 6539486 696
1921 6540182 700
1922 6540882 707
1923 6541589 681
1924 6542270 727
1925 6542997 675
1926 6543672 685
1927 6544357 709
1928 6545066 688
1929 6545754 724
1930 6546478 748
1931 6547226 699
1932 6547925 736
1933 6548661 260
1934 6548921 722
1935 6549643 740
1936 6550383 746
1937 6551129 729
1938 6551858 712
1939 6552570 736
1940 6553306 713
1941 6554019 723
1942 6554742 699
1943 6555441 727
1944 6556168 738
1945 6556906 747
1946 6557653 699
1947 6558352 734
1948 6559086 736
1949 6559822 701
1950 6560523 766
1951 6561289 732
1952 6562021 688
1953 6562709 713
1954 6563422 702
1955 6564124 700
1956 6564824 697
1957 6565521 675
1958 6566196 698
1959 6566894 692
1960 6567586 698
1961 6568284 701
1962 6568985 696
1963 6569681 707
1964 6570388 745
1965 6571133 709
1966 6571842 734
1967 6572576 689
1968 6573265 717
1969 6573982 703
1970 6574685 767
1971 6575452 745
1972 6576197 738
1973 6576935 744
1974 6577679 709
1975 6578388 711
1976 6579099 703
1977 6579802 726
1978 6580528 697
1979 6581225 711
1980 6581936 709
1981 6582645 737
1982 6583382 706
1983 6584088 729
1984 6584817 747
1985 6585564 744
1986 6586308 722
1987 6587030 714
1988 6587744 724
1989 6588468 709
1990 6589177 737
1991 6589914 711
1992 6590625 719
1993 6591344 704
1994 6592048 696
1995 6592744 691
1996 6593435 700
1997 6594135 684
1998 6594819 700
1999 6595519 717
2000 6596236 700
2001 6596936 696
2002 6597632 745
2003 6598377 728
2004 6599105 708
2005 6599813 744
2006 6600557 736
2007 6601293 710
2008 6602003 746
2009 6602749 713
2010 6603462 714
2011 6604176 741
2012 6604917 727
2013 6605644 708
2014 6606352 736
2015 6607088 733
2016 6607821 709
2017 6608530 772
2018 6609302 723
2019 6610025 735
2020 6610760 690
2021 6611450 695
2022 6612145 687
2023 6612832 747
2024 6613579 741
2025 6614320 716
2026 6615036 716
2027 6615752 726
2028 6616478 708
2029 6617186 737
2030 6617923 714
2031 6618637 697
2032 6619334 703
2033 6620037 698
2034 6620735 690
2035 6621425 704
2036 6622129 693
2037 6622822 713
2038 6623535 678
2039 6624213 691
2040 6624904 706
2041 6625610 702
2042 6626312 747
2043 6627059 728
2044 6627787 732
2045 6628519 701
2046 6629220 715
2047 6629935 737
2048 6630672 694
2049 6631366 708
2050 6632074 709
2051 6632783 687
2052 6633470 691
2053 6634161 747
2054 6634908 710
2055 6635618 741
2056 6636359 708
2057 6637067 723
2058 6637790 701
2059 6638491 681
2060 6639172 737
2061 6639909 708
2062 6640617 747
2063 6641364 737
2064 6642101 709
2065 6642810 740
2066 6643550 709
2067 6644259 717
2068 6644976 701
2069 6645677 737
2070 6646414 689
2071 6647103 697
2072 6647800 716
2073 6648516 719
2074 6649235 692
2075 6649927 690
2076 6650617 741
2077 6651358 718
2078 6652076 691
2079 6652767 689
2080 6653456 747
2081 6654203 681
2082 6654884 723
2083 6655607 760
2084 6656367 719
2085 6657086 687
2086 6657773 694
2087 6658467 689
2088 6659156 699
2089 6659855 677
2090 6660532 701
2091 6661233 684
2092 6661917 683
2093 6662600 710
2094 6663310 692
2095 6664002 736
2096 6664738 708
2097 6665446 746
2098 6666192 675
2099 6666867 718
2100 6667585 704
2101 6668289 3384
2102 6671673 3735
2103 6675408 6401
2104 6681809 1532
2105 6683341 2729
2106 6686070 2138
2107 6688208 3153
2108 6691361 1647
2109 6693008 8559
2110 6701567 3548
2111 6705115 3435
2112 6708550 1410
2113 6709960 7960
2114 6717920 8244
2115 6726164 8681
2116 6734845 5730
2117 6740575 7463
2118 6748038 7126
2119 6755164 5535
2120 6760699 1839
2121 6762538 6468
2122 6769006 9080
2123 6778086 3908
2124 6781994 4637
2125 6786631 2771
2126 6789402 2441
2127 6791843 3905
2128 6795748 4853
2129 6800601 4306
2130 6804907 3291
2131 6808198 7096
2132 6815294 8619
2133 6823913 8532
2134 6832445 2840
2135 6835285 689
2136 6835974 4233
2137 6840207 8179
2138 6848386 8380
2139 6856766 5451
2140 6862217 2456
2141 6864673 7641
2142 6872314 6685
2143 6878999 3505
2144 6882504 2942
2145 6885446 1102
2146 6886548 3096
2147 6889644 10643
2148 6900287 7606
2149 6907893 7659
2150 6915552 1083
2151 6916635 3011
2152 6919646 1836
2153 6921482 8070
2154 6929552 6984
2155 6936536 4104
2156 6940640 1074
2157 6941714 9622
2158 6951336 9673
2159 6961009 2748
2160 6963757 3836
2161 6967593 5733
2162 6973326 14825
2163 6988151 3087
2164 6991238 4498
2165 6995736 7934
2166 7003670 6541
2167 7010211 2549
2168 7012760 3908
2169 7016668 3843
2170 7020511 1901
2171 7022412 3428
2172 7025840 5120
2173 7030960 2282
2174 7033242 1148
2175 7034390 1405
2176 7035795 4037
2177 7039832 1032
2178 7040864 3528
2179 7044392 3342
2180 7047734 3717
2181 7051451 3318
2182 7054769 2506
2183 7057275 1028
2184 7058303 1303
2185 7059606 8108
2186 7067714 7054
2187 7074768 4525
2188 7079293 7339
2189 7086632 1037
2190 7087669 3371
2191 7091040 9112
2192 7100152 2189
2193 7102341 6337
2194 7108678 6328
2195 7115006 1184
2196 7116190 872
2197 7117062 6842
2198 7123904 3623
2199 7127527 2722
2200 7130249 1065
2201 7131314 832
2202 7132146 1146
2203 7133292 2989
2204 7136281 4461
2205 7140742 9729
2206 7150471 2241
2207 7152712 3216
2208 7155928 2151
2209 7158079 2332
2210 7160411 27093
2211 7187504 1945
2212 7189449 1825
2213 7191274 5425
2214 7196699 5515
2215 7202214 2552
2216 7204766 3463
2217 7208229 4827
2218 7213056 3778
2219 7216834 3431
2220 7220265 15539
2221 7235804 4195
2222 7239999 3648
2223 7243647 10208
2224 7253855 1733
2225 7255588 1554
2226 7257142 5919
2227 7263061 11011
2228 7274072 5305
2229 7279377 3907
2230 7283284 2250
2231 7285534 1361
2232 7286895 719
2233 7287614 1585
2234 7289199 4704
2235 7293903 2790
2236 7296693 2006
2237 7298699 8846
2238 7307545 6326
2239 7313871 5246
2240 7319117 2027
2241 7321144 6529
2242 7327673 3023
2243 7330696 2993
2244 7333689 7565
2245 7341254 1751
2246 7343005 2171
2247 7345176 2646
2248 7347822 1753
2249 7349575 1655
2250 7351230 10972
2251 7362202 7669
2252 7369871 3435
2253 7373306 3092
2254 7376398 1954
2255 7378352 5629
2256 7383981 8240
2257 7392221 3262
2258 7395483 632
2259 7396115 3711
2260 7399826 5178
2261 7405004 6964
2262 7411968 976
2263 7412944 2418
2264 7415362 4423
2265 7419785 3607
2266 7423392 2960
2267 7426352 5681
2268 7432033 5143
2269 7437176 7409
2270 7444585 1179
2271 7445764 3994
2272 7449758 1402
2273 7451160 7402
2274 7458562 3348
2275 7461910 4437
2276 7466347 4931
2277 7471278 2400
2278 7473678 6134
2279 7479812 2334
2280 7482146 1763
2281 7483909 15367
2282 7499276 9352
2283 7508628 5448
2284 7514076 1426
2285 7515502 5751
2286 7521253 1448
2287 7522701 6619
2288 7529320 4688
2289 7534008 4664
2290 7538672 9823
2291 7548495 1786
2292 7550281 3532
2293 7553813 15761
2294 7569574 9652
2295 7579226 3964
2296 7583190 7951
2297 7591141 13834
2298 7604975 3852
2299 7608827 14146
2300 7622973 5454
2301 7628427 485
2302 7628912 495
2303 7629407 511
2304 7629918 555
2305 7630473 525
2306 7630998 533
2307 7631531 557
2308 7632088 593
2309 7632681 541
2310 7633222 571
2311 7633793 547
2312 7634340 539
2313 7634879 555
2314 7635434 523
2315 7635957 591
2316 7636548 806
2317 7637354 3274
2318 7640628 811
2319 7641439 6261
2320 7647700 6403
2321 7654103 5781
2322 7659884 10792
2323 7670676 3837
2324 7674513 1628
2325 7676141 2193
2326 7678334 9628
2327 7687962 4356
2328 7692318 6429
2329 7698747 3092
2330 7701839 6142
2331 7707981 6123
2332 7714104 1737
2333 7715841 6516
2334 7722357 3319
2335 7725676 6754
2336 7732430 9078
2337 7741508 1469
2338 7742977 2954
2339 7745931 1819
2340 7747750 3395
2341 7751145 6061
2342 7757206 6841
2343 7764047 6347
2344 7770394 6469
2345 7776863 9744
2346 7786607 9785
2347 7796392 1225
2348 7797617 758
2349 7798375 1191
2350 7799566 3841
2351 7803407 713
2352 7804120 5571
2353 7809691 1436
2354 7811127 2825
2355 7813952 2362
2356 7816314 5572
2357 7821886 12262
2358 7834148 2641
2359 7836789 26130
2360 7862919 3755
2361 7866674 4080
2362 7870754 12475
2363 7883229 4446
2364 7887675 3936
2365 7891611 14696
2366 7906307 12318
2367 7918625 3720
2368 7922345 1681
2369 7924026 9147
2370 7933173 1848
2371 7935021 757
2372 7935778 3276
2373 7939054 2901
2374 7941955 5864
2375 7947819 9663
2376 7957482 4088
2377 7961570 1179
2378 7962749 1830
2379 7964579 5545
2380 7970124 4642
2381 7974766 4588
2382 7979354 4439
2383 7983793 1903
2384 7985696 4415
2385 7990111 3720
2386 7993831 6209
2387 8000040 4236
2388 8004276 1150
2389 8005426 779
2390 8006205 8889
2391 8015094 3999
2392 8019093 7052
2393 8026145 1557
2394 8027702 2523
2395 8030225 1132
2396 8031357 1070
2397 8032427 1061
2398 8033488 5372
2399 8038860 11044
2400 8049904 792
2401 8050696 711
2402 8051407 4063
2403 8055470 10135
2404 8065605 1354
2405 8066959 3155
2406 8070114 897
2407 8071011 728
2408 8071739 672
2409 8072411 1033
2410 8073444 771
2411 8074215 1798
2412 8076013 12344
2413 8088357 4372
2414 8092729 11237
2415 8103966 3656
2416 8107622 258
2417 8107880 220
2418 8108100 248
2419 8108348 220
2420 8108568 665
2421 8109233 699
2422 8109932 672
2423 8110604 717
2424 8111321 699
2425 8112020 675
2426 8112695 233
2427 8112928 645
2428 8113573 668
2429 8114241 731
2430 8114972 274
2431 8115246 220
2432 8115466 702
2433 8116168 214
2434 8116382 712
2435 8117094 682
2436 8117776 677
2437 8118453 680
2438 8119133 680
2439 8119813 680
2440 8120493 677
2441 8121170 671
2442 8121841 682
2443 8122523 686
2444 8123209 235
2445 8123444 698
2446 8124142 681
2447 8124823 668
2448 8125491 223
2449 8125714 674
2450 8126388 263
2451 8126651 727
2452 8127378 264
2453 8127642 670
2454 8128312 413
2455 8128725 235
2456 8128960 715
2457 8129675 700
2458 8130375 616
2459 8130991 683
2460 8131674 726
2461 8132400 679
2462 8133079 711
2463 8133790 696
2464 8134486 684
2465 8135170 704
2466 8135874 697
2467 8136571 707
2468 8137278 701
2469 8137979 260
2470 8138239 680
2471 8138919 678
2472 8139597 665
2473 8140262 699
2474 8140961 672
2475 8141633 720
2476 8142353 677
2477 8143030 673
2478 8143703 264
2479 8143967 598
2480 8144565 668
2481 8145233 254
2482 8145487 698
2483 8146185 683
2484 8146868 668
2485 8147536 269
2486 8147805 669
2487 8148474 222
2488 8148696 716
2489 8149412 668
2490 8150080 222
2491 8150302 240
2492 8150542 233
2493 8150775 260
2494 8151035 674
2495 8151709 702
2496 8152411 672
2497 8153083 715
2498 8153798 711
2499 8154509 678
2500 8155187 265
2501 8155452 598
2502 8156050 668
2503 8156718 251
2504 8156969 337
2505 8157306 354
2506 8157660 234
2507 8157894 698
2508 8158592 681
2509 8159273 260
2510 8159533 331
2511 8159864 353
2512 8160217 709
2513 8160926 222
2514 8161148 311
2515 8161459 668
2516 8162127 242
2517 8162369 676
2518 8163045 285
2519 8163330 703
2520 8164033 725
2521 8164758 677
2522 8165435 683
2523 8166118 678
2524 8166796 682
2525 8167478 231
2526 8167709 598
2527 8168307 702
2528 8169009 262
2529 8169271 244
2530 8169515 701
2531 8170216 680
2532 8170896 702
2533 8171598 254
2534 8171852 698
2535 8172550 236
2536 8172786 676
2537 8173462 240
2538 8173702 673
2539 8174375 702
2540 8175077 689
2541 8175766 722
2542 8176488 702
2543 8177190 712
2544 8177902 689
2545 8178591 716
2546 8179307 704
2547 8180011 702
2548 8180713 704
2549 8181417 698
2550 8182115 678
2551 8182793 248
2552 8183041 675
2553 8183716 664
2554 8184380 668
2555 8185048 671
2556 8185719 679
2557 8186398 687
2558 8187085 679
2559 8187764 702
2560 8188466 235
2561 8188701 644
2562 8189345 700
2563 8190045 242
2564 8190287 685
2565 8190972 667
2566 8191639 681
2567 8192320 702
2568 8193022 679
2569 8193701 681
2570 8194382 678
2571 8195060 264
2572 8195324 678
2573 8196002 709
2574 8196711 220
2575 8196931 687
2576 8197618 702
2577 8198320 710
2578 8199030 710
2579 8199740 221
2580 8199961 668
2581 8200629 259
2582 8200888 233
2583 8201121 239
2584 8201360 233
2585 8201593 661
2586 8202254 672
2587 8202926 679
2588 8203605 687
2589 8204292 680
2590 8204972 683
2591 8205655 234
2592 8205889 644
2593 8206533 702
2594 8207235 221
2595 8207456 671
2596 8208127 236
2597 8208363 682
2598 8209045 668
2599 8209713 702
2600 8210415 264
2601 8210679 675
2602 8211354 232
2603 8211586 685
2604 8212271 702
2605 8212973 259
2606 8213232 233
2607 8213465 214
2608 8213679 233
2609 8213912 662
2610 8214574 672
2611 8215246 680
2612 8215926 689
2613 8216615 681
2614 8217296 678
2615 8217974 234
2616 8218208 646
2617 8218854 700
2618 8219554 257
2619 8219811 684
2620 8220495 666
2621 8221161 702
2622 8221863 326
2623 8222189 676
2624 8222865 221
2625 8223086 685
2626 8223771 261
2627 8224032 750
2628 8224782 214
2629 8224996 687
2630 8225683 701
2631 8226384 236
2632 8226620 254
2633 8226874 236
2634 8227110 248
2635 8227358 236
2636 8227594 230
2637 8227824 236
2638 8228060 233
2639 8228293 248
2640 8228541 242
2641 8228783 663
2642 8229446 233
2643 8229679 643
2644 8230322 263
2645 8230585 679
2646 8231264 679
2647 8231943 665
2648 8232608 673
2649 8233281 680
2650 8233961 687
2651 8234648 680
2652 8235328 676
2653 8236004 231
2654 8236235 683
2655 8236918 668
2656 8237586 701
2657 8238287 701
2658 8238988 263
2659 8239251 673
2660 8239924 673
2661 8240597 241
2662 8240838 235
2663 8241073 215
2664 8241288 689
2665 8241977 701
2666 8242678 242
2667 8242920 214
2668 8243134 233
2669 8243367 258
2670 8243625 663
2671 8244288 676
2672 8244964 680
2673 8245644 689
2674 8246333 680
2675 8247013 677
2676 8247690 227
2677 8247917 643
2678 8248560 701
2679 8249261 247
2680 8249508 683
2681 8250191 664
2682 8250855 701
2683 8251556 273
2684 8251829 672
2685 8252501 254
2686 8252755 681
2687 8253436 221
2688 8253657 689
2689 8254346 701
2690 8255047 219
2691 8255266 671
2692 8255937 240
2693 8256177 226
2694 8256403 208
2695 8256611 258
2696 8256869 663
2697 8257532 674
2698 8258206 680
2699 8258886 691
2700 8259577 681
2701 8260258 678
2702 8260936 701
2703 8261637 233
2704 8261870 643
2705 8262513 735
2706 8263248 273
2707 8263521 253
2708 8263774 682
2709 8264456 668
2710 8265124 244
2711 8265368 235
2712 8265603 701
2713 8266304 231
2714 8266535 724
2715 8267259 261
2716 8267520 716
2717 8268236 281
2718 8268517 673
2719 8269190 235
2720 8269425 255
2721 8269680 689
2722 8270369 700
2723 8271069 717
2724 8271786 692
2725 8272478 709
2726 8273187 704
2727 8273891 708
2728 8274599 696
2729 8275295 711
2730 8276006 705
2731 8276711 709
2732 8277420 707
2733 8278127 683
2734 8278810 260
2735 8279070 679
2736 8279749 676
2737 8280425 665
2738 8281090 674
2739 8281764 675
2740 8282439 690
2741 8283129 680
2742 8283809 709
2743 8284518 221
2744 8284739 643
2745 8285382 238
2746 8285620 669
2747 8286289 701
2748 8286990 236
2749 8287226 690
2750 8287916 241
2751 8288157 683
2752 8288840 667
2753 8289507 704
2754 8290211 701
2755 8290912 263
2756 8291175 670
2757 8291845 221
2758 8292066 689
2759 8292755 701
2760 8293456 282
2761 8293738 208
2762 8293946 272
2763 8294218 208
2764 8294426 661
2765 8295087 673
2766 8295760 680
2767 8296440 693
2768 8297133 682
2769 8297815 684
2770 8298499 233
2771 8298732 645
2772 8299377 701
2773 8300078 239
2774 8300317 247
2775 8300564 682
2776 8301246 666
2777 8301912 701
2778 8302613 300
2779 8302913 223
2780 8303136 226
2781 8303362 251
2782 8303613 669
2783 8304282 221
2784 8304503 688
2785 8305191 701
2786 8305892 268
2787 8306160 275
2788 8306435 659
2789 8307094 227
2790 8307321 644
2791 8307965 208
2792 8308173 235
2793 8308408 215
2794 8308623 245
2795 8308868 683
2796 8309551 682
2797 8310233 681
2798 8310914 258
2799 8311172 663
2800 8311835 675
2801 8312510 680
2802 8313190 690
2803 8313880 680
2804 8314560 709
2805 8315269 702
2806 8315971 235
2807 8316206 683
2808 8316889 666
2809 8317555 702
2810 8318257 292
2811 8318549 732
2812 8319281 656
2813 8319937 244
2814 8320181 681
2815 8320862 285
2816 8321147 719
2817 8321866 263
2818 8322129 675
2819 8322804 221
2820 8323025 690
2821 8323715 230
2822 8323945 702
2823 8324647 232
2824 8324879 706
2825 8325585 703
2826 8326288 735
2827 8327023 715
2828 8327738 692
2829 8328430 694
2830 8329124 694
2831 8329818 706
2832 8330524 705
2833 8331229 734
2834 8331963 670
2835 8332633 260
2836 8332893 676
2837 8333569 680
2838 8334249 662
2839 8334911 674
2840 8335585 680
2841 8336265 690
2842 8336955 678
2843 8337633 734
2844 8338367 234
2845 8338601 645
2846 8339246 702
2847 8339948 235
2848 8340183 684
2849 8340867 665
2850 8341532 702
2851 8342234 284
2852 8342518 283
2853 8342801 678
2854 8343479 240
2855 8343719 686
2856 8344405 702
2857 8345107 698
2858 8345805 257
2859 8346062 260
2860 8346322 272
2861 8346594 266
2862 8346860 260
2863 8347120 661
2864 8347781 675
2865 8348456 675
2866 8349131 687
2867 8349818 684
2868 8350502 696
2869 8351198 240
2870 8351438 644
2871 8352082 702
2872 8352784 692
2873 8353476 250
2874 8353726 682
2875 8354408 664
2876 8355072 702
2877 8355774 250
2878 8356024 233
2879 8356257 311
2880 8356568 686
2881 8357254 255
2882 8357509 703
2883 8358212 702
2884 8358914 246
2885 8359160 645
2886 8359805 273
2887 8360078 704
2888 8360782 702
2889 8361484 229
2890 8361713 687
2891 8362400 664
2892 8363064 702
2893 8363766 243
2894 8364009 682
2895 8364691 280
2896 8364971 667
2897 8365638 234
2898 8365872 669
2899 8366541 702
2900 8367243 238
2901 8367481 244
2902 8367725 232
2903 8367957 277
2904 8368234 680
2905 8368914 739
2906 8369653 684
2907 8370337 700
2908 8371037 714
2909 8371751 700
2910 8372451 683
2911 8373134 702
2912 8373836 706
2913 8374542 691
2914 8375233 704
2915 8375937 701
2916 8376638 5042
2917 8381680 6587
2918 8388267 4764
2919 8393031 4282
2920 8397313 3650
2921 8400963 3097
2922 8404060 4148
2923 8408208 8692
2924 8416900 4083
2925 8420983 7579
2926 8428562 38615
2927 8467177 5487
2928 8472664 17919
2929 8490583 5338
2930 8495921 2816
2931 8498737 10588
2932 8509325 3830
2933 8513155 4775
2934 8517930 5455
2935 8523385 4873
2936 8528258 5293
2937 8533551 6773
2938 8540324 6532
2939 8546856 4726
2940 8551582 4197
2941 8555779 9000
2942 8564779 8452
2943 8573231 5530
2944 8578761 4319
2945 8583080 7491
2946 8590571 7952
2947 8598523 5695
2948 8604218 5405
2949 8609623 4512
2950 8614135 5007
2951 8619142 4365
2952 8623507 4417
2953 8627924 5393
2954 8633317 1304
2955 8634621 4056
2956 8638677 19919
2957 8658596 3756
2958 8662352 6380
2959 8668732 4725
2960 8673457 2861
2961 8676318 3528
2962 8679846 3961
2963 8683807 3515
2964 8687322 4324
2965 8691646 11963
2966 8703609 4291
2967 8707900 8266
2968 8716166 7910
2969 8724076 8050
2970 8732126 7357
2971 8739483 1676
2972 8741159 5299
2973 8746458 16496
2974 8762954 4655
2975 8767609 9496
2976 8777105 5356
2977 8782461 4244
2978 8786705 4833
2979 8791538 4078
2980 8795616 10556
2981 8806172 5602
2982 8811774 4160
2983 8815934 3210
2984 8819144 3793
2985 8822937 3968
2986 8826905 3360
2987 8830265 3465
2988 8833730 18478
2989 8852208 4855
2990 8857063 5411
2991 8862474 3446
2992 8865920 11522
2993 8877442 7924
2994 8885366 19586
2995 8904952 5502
2996 8910454 1277
2997 8911731 2174
2998 8913905 2918
2999 8916823 3713
3000 8920536 19401
3001 8939937 19824
3002 8959761 4399
3003 8964160 4345
3004 8968505 3569
3005 8972074 12612
3006 8984686 6832
3007 8991518 25834
3008 9017352 11275
3009 9028627 7142
3010 9035769 1598
3011 9037367 5995
3012 9043362 6399
3013 9049761 23638
3014 9073399 1614
3015 9075013 2857
3016 9077870 3278
3017 9081148 3781
3018 9084929 4294
3019 9089223 3651
3020 9092874 14651
3021 9107525 3098
3022 9110623 4866
3023 9115489 4149
3024 9119638 2667
3025 9122305 2770
3026 9125075 3616
3027 9128691 3514
3028 9132205 19841
3029 9152046 4044
3030 9156090 1298
3031 9157388 4218
3032 9161606 3720
3033 9165326 5393
3034 9170719 4365
3035 9175084 3839
3036 9178923 4417
3037 9183340 3114
3038 9186454 1734
3039 9188188 4349
3040 9192537 3781
3041 9196318 3223
3042 9199541 4042
3043 9203583 4204
3044 9207787 3588
3045 9211375 3688
3046 9215063 3850
3047 9218913 4049
3048 9222962 3516
3049 9226478 4355
3050 9230833 10556
3051 9241389 3808
3052 9245197 4764
3053 9249961 3548
3054 9253509 4066
3055 9257575 4821
3056 9262396 4230
3057 9266626 3996
3058 9270622 3523
3059 9274145 2890
3060 9277035 3135
3061 9280170 3177
3062 9283347 4106
3063 9287453 3312
3064 9290765 19401
3065 9310166 4399
3066 9314565 3452
3067 9318017 1598
3068 9319615 3498
3069 9323113 3560
3070 9326673 19586
3071 9346259 4718
3072 9350977 1555
3073 9352532 3458
3074 9355990 4893
3075 9360883 4191
3076 9365074 3387
3077 9368461 1271
3078 9369732 3498
3079 9373230 5490
3080 9378720 3820
3081 9382540 5110
3082 9387650 3216
3083 9390866 3334
3084 9394200 3683
3085 9397883 3775
3086 9401658 3525
3087 9405183 2781
3088 9407964 3283
3089 9411247 3691
3090 9414938 3240
3091 9418178 3595
3092 9421773 18984
3093 9440757 4561
3094 9445318 3826
3095 9449144 3666
3096 9452810 1639
3097 9454449 4374
3098 9458823 1283
3099 9460106 977
3100 9461083 3005
3101 9464088 4116
3102 9468204 3594
3103 9471798 2893
3104 9474691 3573
3105 9478264 2657
3106 9480921 1154
3107 9482075 4267
3108 9486342 19859
3109 9506201 3872
3110 9510073 4867
3111 9514940 3374
3112 9518314 4860
3113 9523174 3360
3114 9526534 3320
3115 9529854 3692
3116 9533546 236
3117 9533782 236
3118 9534018 257
3119 9534275 248
3120 9534523 221
3121 9534744 262
3122 9535006 261
3123 9535267 261
3124 9535528 260
3125 9535788 263
3126 9536051 254
3127 9536305 236
3128 9536541 219
3129 9536760 224
3130 9536984 246
3131 9537230 243
3132 9537473 265
3133 9537738 240
3134 9537978 221
3135 9538199 227
3136 9538426 242
3137 9538668 236
3138 9538904 256
3139 9539160 257
3140 9539417 261
3141 9539678 257
3142 9539935 221
3143 9540156 249
3144 9540405 263
3145 9540668 243
3146 9540911 261
3147 9541172 236
3148 9541408 255
3149 9541663 260
3150 9541923 257
3151 9542180 264
3152 9542444 240
3153 9542684 267
3154 9542951 259
3155 9543210 262
3156 9543472 263
3157 9543735 257
3158 9543992 255
3159 9544247 250
3160 9544497 242
3161 9544739 227
3162 9544966 262
3163 9545228 254
3164 9545482 230
3165 9545712 215
3166 9545927 7446
3167 9553373 1339
3168 9554712 1117
3169 9555829 9119
3170 9564948 11308
3171 9576256 9293
3172 9585549 16048
3173 9601597 8795
3174 9610392 8487
3175 9618879 7422
3176 9626301 11333
3177 9637634 19546
3178 9657180 13596
3179 9670776 5524
3180 9676300 532
3181 9676832 872
3182 9677704 3236
3183 9680940 7382
3184 9688322 579
3185 9688901 1577
3186 9690478 3499
3187 9693977 2143
3188 9696120 9209
3189 9705329 8063
3190 9713392 8606
3191 9721998 4731
3192 9726729 2729
3193 9729458 4123
3194 9733581 5120
3195 9738701 7192
3196 9745893 3447
3197 9749340 2874
3198 9752214 719
3199 9752933 1092
3200 9754025 1680
3201 9755705 6718
3202 9762423 1388
3203 9763811 11491
3204 9775302 6388
3205 9781690 4479
3206 9786169 25846
3207 9812015 3790
3208 9815805 5183
3209 9820988 8446
3210 9829434 9813
3211 9839247 4673
3212 9843920 6413
3213 9850333 9639
3214 9859972 12887
3215 9872859 4732
3216 9877591 11000
3217 9888591 6314
3218 9894905 5151
3219 9900056 1797
3220 9901853 3856
3221 9905709 4807
3222 9910516 3750
3223 9914266 10758
3224 9925024 9956
3225 9934980 6890
3226 9941870 6151
3227 9948021 6629
3228 9954650 5847
3229 9960497 4140
3230 9964637 3949
3231 9968586 3545
3232 9972131 3884
3233 9976015 3374
3234 9979389 12318
3235 9991707 12885
3236 10004592 4271
3237 10008863 2903
3238 10011766 5614
3239 10017380 15960
3240 10033340 4335
3241 10037675 759
3242 10038434 1244
3243 10039678 4452
3244 10044130 4426
3245 10048556 2131
3246 10050687 13080
3247 10063767 6749
3248 10070516 8876
3249 10079392 7789
3250 10087181 10740
3251 10097921 256
3252 10098177 7047
3253 10105224 8990
3254 10114214 2384
3255 10116598 8206
3256 10124804 8338
3257 10133142 3939
3258 10137081 5799
3259 10142880 10310
3260 10153190 2589
3261 10155779 13786
3262 10169565 4729
3263 10174294 571
3264 10174865 1575
3265 10176440 3130
3266 10179570 1998
3267 10181568 1604
3268 10183172 2603
3269 10185775 2050
3270 10187825 3795
3271 10191620 985
3272 10192605 1250
3273 10193855 1969
3274 10195824 1481
3275 10197305 3854
3276 10201159 5761
3277 10206920 2283
3278 10209203 2945
3279 10212148 1547
3280 10213695 5793
3281 10219488 2701
3282 10222189 1330
3283 10223519 1308
3284 10224827 1377
3285 10226204 7998
3286 10234202 1755
3287 10235957 2873
3288 10238830 1285
3289 10240115 1473
3290 10241588 5167
3291 10246755 3084
3292 10249839 1339
3293 10251178 2831
3294 10254009 1486
3295 10255495 972
3296 10256467 2818
3297 10259285 1537
3298 10260822 950
3299 10261772 3043
3300 10264815 1265
3301 10266080 8822
3302 10274902 2651
3303 10277553 1667
3304 10279220 2277
3305 10281497 2033
3306 10283530 6296
3307 10289826 2121
3308 10291947 1609
3309 10293556 3190
3310 10296746 4102
3311 10300848 2726
3312 10303574 2925
3313 10306499 1079
3314 10307578 1461
3315 10309039 5548
3316 10314587 1689
3317 10316276 3661
3318 10319937 2123
3319 10322060 5851
3320 10327911 6823
3321 10334734 1263
3322 10335997 1562
3323 10337559 399
3324 10337958 2241
3325 10340199 1784
3326 10341983 2988
3327 10344971 1262
3328 10346233 2002
3329 10348235 964
3330 10349199 1910
3331 10351109 3009
3332 10354118 6928
3333 10361046 2703
3334 10363749 1605
3335 10365354 1810
3336 10367164 1747
3337 10368911 1002
3338 10369913 9001
3339 10378914 5652
3340 10384566 5710
3341 10390276 5527
3342 10395803 6784
3343 10402587 2115
3344 10404702 19498
3345 10424200 7722
3346 10431922 1861
3347 10433783 1279
3348 10435062 3077
3349 10438139 1899
3350 10440038 2734
3351 10442772 4216
3352 10446988 1454
3353 10448442 636
3354 10449078 6613
3355 10455691 2457
3356 10458148 1870
3357 10460018 3388
3358 10463406 1930
3359 10465336 13800
3360 10479136 583
3361 10479719 1681
3362 10481400 3072
3363 10484472 2409
3364 10486881 2873
3365 10489754 18415
3366 10508169 9703
3367 10517872 2070
3368 10519942 1904
3369 10521846 2696
3370 10524542 3238
3371 10527780 9589
3372 10537369 3513
3373 10540882 8429
3374 10549311 2188
3375 10551499 1777
3376 10553276 1116
3377 10554392 1529
3378 10555921 1106
3379 10557027 1419
3380 10558446 5411
3381 10563857 5043
3382 10568900 2202
3383 10571102 1789
3384 10572891 4067
3385 10576958 2370
3386 10579328 2307
3387 10581635 7721
3388 10589356 1366
3389 10590722 1525
3390 10592247 4330
3391 10596577 1314
3392 10597891 1282
3393 10599173 1459
3394 10600632 1736
3395 10602368 5234
3396 10607602 2573
3397 10610175 1423
3398 10611598 3232
3399 10614830 10981
3400 10625811 3879
3401 10629690 9626
3402 10639316 3835
3403 10643151 1616
3404 10644767 2163
3405 10646930 7082
3406 10654012 1914
3407 10655926 7412
3408 10663338 3436
3409 10666774 1969
3410 10668743 12937
3411 10681680 5301
3412 10686981 4726
3413 10691707 1425
3414 10693132 2523
3415 10695655 2370
3416 10698025 2202
3417 10700227 3655
3418 10703882 1429
3419 10705311 11094
3420 10716405 1218
3421 10717623 720
3422 10718343 4808
3423 10723151 2089
3424 10725240 1343
3425 10726583 950
3426 10727533 7461
3427 10734994 3164
3428 10738158 1943
3429 10740101 2926
3430 10743027 1019
3431 10744046 1369
3432 10745415 1404
3433 10746819 576
3434 10747395 4020
3435 10751415 4669
3436 10756084 5006
3437 10761090 3293
3438 10764383 2259
3439 10766642 908
3440 10767550 834
3441 10768384 1293
3442 10769677 5733
3443 10775410 1639
3444 10777049 816
3445 10777865 1733
3446 10779598 13027
3447 10792625 602
3448 10793227 1890
3449 10795117 2520
3450 10797637 2371
3451 10800008 2736
3452 10802744 1698
3453 10804442 670
3454 10805112 2209
3455 10807321 2245
3456 10809566 2249
3457 10811815 2372
3458 10814187 2184
3459 10816371 530
3460 10816901 2477
3461 10819378 1282
3462 10820660 3150
3463 10823810 1608
3464 10825418 755
3465 10826173 1093
3466 10827266 3805
3467 10831071 2473
3468 10833544 2098
3469 10835642 2568
3470 10838210 3494
3471 10841704 2520
3472 10844224 2575
3473 10846799 20324
3474 10867123 8455
3475 10875578 4428
3476 10880006 4532
3477 10884538 4201
3478 10888739 1591
3479 10890330 4543
3480 10894873 1421
3481 10896294 1239
3482 10897533 1537
3483 10899070 7485
3484 10906555 2237
3485 10908792 18084
3486 10926876 8937
3487 10935813 5734
3488 10941547 4082
3489 10945629 3619
3490 10949248 2111
3491 10951359 16431
3492 10967790 4518
3493 10972308 1211
3494 10973519 1985
3495 10975504 1411
3496 10976915 8234
3497 10985149 5230
3498 10990379 6902
3499 10997281 1987
3500 10999268 8263
3501 11007531 7620
3502 11015151 8564
3503 11023715 5036
3504 11028751 6803
3505 11035554 15150
3506 11050704 7600
3507 11058304 5140
3508 11063444 1428
3509 11064872 1629
3510 11066501 2211
3511 11068712 1405
3512 11070117 876
3513 11070993 6430
3514 11077423 2191
3515 11079614 8356
3516 11087970 4282
3517 11092252 1935
3518 11094187 5296
3519 11099483 5528
3520 11105011 9175
3521 11114186 4751
3522 11118937 9584
3523 11128521 3831
3524 11132352 1132
3525 11133484 1484
3526 11134968 1417
3527 11136385 9138
3528 11145523 355
3529 11145878 1787
3530 11147665 827
3531 11148492 1514
3532 11150006 12612
3533 11162618 8092
3534 11170710 4137
3535 11174847 5059
3536 11179906 4522
3537 11184428 8999
3538 11193427 2276
3539 11195703 5423
3540 11201126 2984
3541 11204110 3169
3542 11207279 1740
3543 11209019 8150
3544 11217169 3748
3545 11220917 14230
3546 11235147 3341
3547 11238488 3935
3548 11242423 4371
3549 11246794 11651
3550 11258445 988
3551 11259433 8062
3552 11267495 6324
3553 11273819 840
3554 11274659 5740
3555 11280399 15758
3556 11296157 974
3557 11297131 6123
3558 11303254 735
3559 11303989 5319
3560 11309308 8120
3561 11317428 1499
3562 11318927 4421
3563 11323348 759
3564 11324107 8971
3565 11333078 1418
3566 11334496 5361
3567 11339857 1355
3568 11341212 14647
3569 11355859 1147
3570 11357006 1368
3571 11358374 5286
3572 11363660 2553
3573 11366213 3140
3574 11369353 6925
3575 11376278 6257
3576 11382535 9255
3577 11391790 11748
3578 11403538 2124
3579 11405662 6553
3580 11412215 5868
3581 11418083 10081
3582 11428164 7759
3583 11435923 240
3584 11436163 276
3585 11436439 301
3586 11436740 228
3587 11436968 262
3588 11437230 240
3589 11437470 285
3590 11437755 6029
3591 11443784 1274
3592 11445058 4986
3593 11450044 10033
3594 11460077 5555
3595 11465632 3088
3596 11468720 2041
3597 11470761 2005
3598 11472766 2368
3599 11475134 1871
3600 11477005 1465
3601 11478470 1545
3602 11480015 1610
3603 11481625 1684
3604 11483309 3506
3605 11486815 2596
3606 11489411 15324
3607 11504735 3352
3608 11508087 8019
3609 11516106 3725
3610 11519831 3475
3611 11523306 6201
3612 11529507 2601
3613 11532108 3735
3614 11535843 2806
3615 11538649 9412
3616 11548061 1429
3617 11549490 226
3618 11549716 1977
3619 11551693 5022
3620 11556715 1447
3621 11558162 1743
3622 11559905 1881
3623 11561786 2921
3624 11564707 8214
3625 11572921 7565
3626 11580486 3536
3627 11584022 9796
3628 11593818 1690
3629 11595508 997
3630 11596505 1700
3631 11598205 4178
3632 11602383 3807
3633 11606190 1070
3634 11607260 15138
3635 11622398 4178
3636 11626576 6555
3637 11633131 3532
3638 11636663 3543
3639 11640206 1261
3640 11641467 4838
3641 11646305 807
3642 11647112 544
3643 11647656 7836
3644 11655492 2904
3645 11658396 3674
3646 11662070 2780
3647 11664850 1258
3648 11666108 1038
3649 11667146 2190
3650 11669336 285
3651 11669621 240
3652 11669861 295
3653 11670156 11908
3654 11682064 5402
3655 11687466 5945
3656 11693411 1811
3657 11695222 1095
3658 11696317 22716
3659 11719033 1552
3660 11720585 6666
3661 11727251 6459
3662 11733710 9623
3663 11743333 1675
3664 11745008 3821
3665 11748829 2145
3666 11750974 6405
3667 11757379 3633
3668 11761012 6910
3669 11767922 10232
3670 11778154 2228
3671 11780382 3725
3672 11784107 2386
3673 11786493 3758
3674 11790251 2997
3675 11793248 3824
3676 11797072 1672
3677 11798744 10189
3678 11808933 2194
3679 11811127 5037
3680 11816164 2470
3681 11818634 1564
3682 11820198 8008
3683 11828206 6845
3684 11835051 4503
3685 11839554 9668
3686 11849222 6463
3687 11855685 5788
3688 11861473 2928
3689 11864401 5733
3690 11870134 10501
3691 11880635 4366
3692 11885001 6216
3693 11891217 4690
3694 11895907 2327
3695 11898234 3482
3696 11901716 8957
3697 11910673 1858
3698 11912531 5793
3699 11918324 4100
3700 11922424 4105
3701 11926529 2663
3702 11929192 419
3703 11929611 1908
3704 11931519 7455
3705 11938974 4501
3706 11943475 2481
3707 11945956 1795
3708 11947751 3139
3709 11950890 3578
3710 11954468 2844
3711 11957312 5291
3712 11962603 1228
3713 11963831 1214
3714 11965045 3166
3715 11968211 7673
3716 11975884 7706
3717 11983590 1241
3718 11984831 6088
3719 11990919 1744
3720 11992663 2381
3721 11995044 4890
3722 11999934 1775
3723 12001709 3409
3724 12005118 1979
3725 12007097 1223
3726 12008320 2693
3727 12011013 722
3728 12011735 2852
3729 12014587 5262
3730 12019849 238
3731 12020087 1708
3732 12021795 2886
3733 12024681 4214
3734 12028895 1303
3735 12030198 1163
3736 12031361 1670
3737 12033031 1234
3738 12034265 1714
3739 12035979 876
3740 12036855 917
3741 12037772 3879
3742 12041651 882
3743 12042533 3166
3744 12045699 7897
3745 12053596 2599
3746 12056195 1558
3747 12057753 3213
3748 12060966 1210
3749 12062176 2751
3750 12064927 2403
3751 12067330 1398
3752 12068728 1081
3753 12069809 3724
3754 12073533 3124
3755 12076657 1516
3756 12078173 8405
3757 12086578 1515
3758 12088093 2108
3759 12090201 1008
3760 12091209 1718
3761 12092927 1677
3762 12094604 966
3763 12095570 2479
3764 12098049 9698
3765 12107747 4011
3766 12111758 8546
3767 12120304 4265
3768 12124569 3266
3769 12127835 12898
3770 12140733 4615
3771 12145348 2412
3772 12147760 2468
3773 12150228 700
3774 12150928 1417
3775 12152345 10123
3776 12162468 21802
3777 12184270 912
3778 12185182 3554
3779 12188736 3875
3780 12192611 1463
3781 12194074 1108
3782 12195182 5800
3783 12200982 1253
3784 12202235 951
3785 12203186 10861
3786 12214047 1396
3787 12215443 17766
3788 12233209 9514
3789 12242723 2884
3790 12245607 4011
3791 12249618 1396
3792 12251014 4639
3793 12255653 5996
3794 12261649 1100
3795 12262749 918
3796 12263667 2342
3797 12266009 8206
3798 12274215 3295
3799 12277510 1882
3800 12279392 570
3801 12279962 1588
3802 12281550 2316
3803 12283866 3848
3804 12287714 5974
3805 12293688 1370
3806 12295058 3208
3807 12298266 1280
3808 12299546 1354
3809 12300900 1144
3810 12302044 5576
3811 12307620 970
3812 12308590 4404
3813 12312994 383
3814 12313377 8915
3815 12322292 3630
3816 12325922 1646
3817 12327568 1378
3818 12328946 6435
3819 12335381 4112
3820 12339493 1290
3821 12340783 2983
3822 12343766 2696
3823 12346462 1819
3824 12348281 4150
3825 12352431 12856
3826 12365287 1514
3827 12366801 4069
3828 12370870 3619
3829 12374489 1404
3830 12375893 1127
3831 12377020 3998
3832 12381018 6912
3833 12387930 12978
3834 12400908 1623
3835 12402531 1557
3836 12404088 1492
3837 12405580 2470
3838 12408050 2197
3839 12410247 1786
3840 12412033 1803
3841 12413836 1194
3842 12415030 1675
3843 12416705 844
3844 12417549 7060
3845 12424609 8167
3846 12432776 1516
3847 12434292 1122
3848 12435414 4706
3849 12440120 2461
3850 12442581 1204
3851 12443785 6473
3852 12450258 1809
3853 12452067 7590
3854 12459657 2204
3855 12461861 6427
3856 12468288 4030
3857 12472318 1430
3858 12473748 8370
3859 12482118 6931
3860 12489049 9566
3861 12498615 3679
3862 12502294 2262
3863 12504556 3428
3864 12507984 4765
3865 12512749 1718
3866 12514467 3731
3867 12518198 2050
3868 12520248 3266
3869 12523514 2911
3870 12526425 7627
3871 12534052 460
3872 12534512 562
3873 12535074 11310
3874 12546384 4541
3875 12550925 3726
3876 12554651 9076
3877 12563727 3457
3878 12567184 2101
3879 12569285 2051
3880 12571336 7181
3881 12578517 6514
3882 12585031 3740
3883 12588771 2296
3884 12591067 15019
3885 12606086 6464
3886 12612550 1378
3887 12613928 2025
3888 12615953 2987
3889 12618940 2634
3890 12621574 2186
3891 12623760 1638
3892 12625398 790
3893 12626188 1440
3894 12627628 784
3895 12628412 436
3896 12628848 4037
3897 12632885 3974
3898 12636859 3112
3899 12639971 4214
3900 12644185 7657
3901 12651842 5487
3902 12657329 1405
3903 12658734 5376
3904 12664110 1222
3905 12665332 978
3906 12666310 1908
3907 12668218 2469
3908 12670687 5546
3909 12676233 2560
3910 12678793 8150
3911 12686943 2520
3912 12689463 965
3913 12690428 896
3914 12691324 1692
3915 12693016 2288
3916 12695304 7336
3917 12702640 1690
3918 12704330 4818
3919 12709148 2506
3920 12711654 3687
3921 12715341 2742
3922 12718083 7018
3923 12725101 2353
3924 12727454 3072
3925 12730526 4654
3926 12735180 2572
3927 12737752 2934
3928 12740686 1955
3929 12742641 1324
3930 12743965 4787
3931 12748752 1684
3932 12750436 1053
3933 12751489 1652
3934 12753141 1850
3935 12754991 4659
3936 12759650 1723
3937 12761373 2735
3938 12764108 9399
3939 12773507 1927
3940 12775434 2684
3941 12778118 9140
3942 12787258 3601
3943 12790859 6208
3944 12797067 3419
3945 12800486 3006
3946 12803492 7932
3947 12811424 1784
3948 12813208 2251
3949 12815459 1697
3950 12817156 1013
3951 12818169 2438
3952 12820607 1729
3953 12822336 1831
3954 12824167 15129
3955 12839296 7437
3956 12846733 3193
3957 12849926 1725
3958 12851651 1461
3959 12853112 7738
3960 12860850 2042
3961 12862892 2164
3962 12865056 1834
3963 12866890 1736
3964 12868626 2127
3965 12870753 1207
3966 12871960 1079
3967 12873039 1135
3968 12874174 6739
3969 12880913 2210
3970 12883123 1981
3971 12885104 6739
3972 12891843 6256
3973 12898099 3677
3974 12901776 680
3975 12902456 1886
3976 12904342 3130
3977 12907472 1307
3978 12908779 2350
3979 12911129 1162
3980 12912291 3529
3981 12915820 4161
3982 12919981 4377
3983 12924358 6337
3984 12930695 3804
3985 12934499 761
3986 12935260 4326
3987 12939586 4130
3988 12943716 586
3989 12944302 1048
3990 12945350 1633
3991 12946983 3704
3992 12950687 3638
3993 12954325 4853
3994 12959178 2747
3995 12961925 2128
3996 12964053 3180
3997 12967233 851
3998 12968084 7231
3999 12975315 996
4000 12976311 3197
4001 12979508 2434
4002 12981942 2723
4003 12984665 3455
4004 12988120 2599
4005 12990719 4120
4006 12994839 2091
4007 12996930 1911
4008 12998841 4485
4009 13003326 1472
4010 13004798 4474
4011 13009272 3931
4012 13013203 5730
4013 13018933 6714
4014 13025647 4580
4015 13030227 1850
4016 13032077 1319
4017 13033396 2898
4018 13036294 6493
4019 13042787 2588
4020 13045375 3497
4021 13048872 2762
4022 13051634 2326
4023 13053960 10549
4024 13064509 813
4025 13065322 9165
4026 13074487 6863
4027 13081350 2254
4028 13083604 2570
4029 13086174 2440
4030 13088614 2419
4031 13091033 1396
4032 13092429 1185
4033 13093614 2995
4034 13096609 10221
4035 13106830 1326
4036 13108156 4018
4037 13112174 1174
4038 13113348 506
4039 13113854 10845
4040 13124699 1885
4041 13126584 3413
4042 13129997 3392
4043 13133389 3632
4044 13137021 9742
4045 13146763 2234
4046 13148997 1161
4047 13150158 830
4048 13150988 1104
4049 13152092 1882
4050 13153974 8571
4051 13162545 3505
4052 13166050 6395
4053 13172445 4864
4054 13177309 5660
4055 13182969 1756
4056 13184725 5410
4057 13190135 1741
4058 13191876 1760
4059 13193636 6852
4060 13200488 2834
4061 13203322 1546
4062 13204868 2116
4063 13206984 2630
4064 13209614 2627
4065 13212241 3830
4066 13216071 2725
4067 13218796 2793
4068 13221589 1965
4069 13223554 2484
4070 13226038 7210
4071 13233248 1602
4072 13234850 1193
4073 13236043 1193
4074 13237236 1185
4075 13238421 1193
4076 13239614 1193
4077 13240807 1193
4078 13242000 1193
4079 13243193 1193
4080 13244386 1193
4081 13245579 836
4082 13246415 1168
4083 13247583 8128
4084 13255711 5594
4085 13261305 1368
4086 13262673 2052
4087 13264725 4803
4088 13269528 6833
4089 13276361 8234
4090 13284595 3964
4091 13288559 5538
4092 13294097 1292
4093 13295389 8904
4094 13304293 6064
4095 13310357 2108
4096 13312465 4503
4097 13316968 1990
4098 13318958 9352
4099 13328310 2448
4100 13330758 1316
4101 13332074 2969
4102 13335043 2203
4103 13337246 3060
4104 13340306 986
4105 13341292 3816
4106 13345108 2642
4107 13347750 1560
4108 13349310 3455
4109 13352765 1702
4110 13354467 6420
4111 13360887 2514
4112 13363401 2201
4113 13365602 5120
4114 13370722 8616
4115 13379338 5238
4116 13384576 1136
4117 13385712 1348
4118 13387060 1511
4119 13388571 2514
4120 13391085 2410
4121 13393495 1868
4122 13395363 3551
4123 13398914 2468
4124 13401382 3975
4125 13405357 3803
4126 13409160 485
4127 13409645 13435
4128 13423080 9652
4129 13432732 2510
4130 13435242 2132
4131 13437374 2480
4132 13439854 2704
4133 13442558 6431
4134 13448989 8046
4135 13457035 5278
4136 13462313 5996
4137 13468309 4608
4138 13472917 2544
4139 13475461 2532
4140 13477993 7463
4141 13485456 8560
4142 13494016 5454
4143 13499470 692
4144 13500162 2843
4145 13503005 3294
4146 13506299 1183
4147 13507482 1826
4148 13509308 1969
4149 13511277 685
4150 13511962 526
4151 13512488 649
4152 13513137 2621
4153 13515758 2563
4154 13518321 1966
4155 13520287 5818
4156 13526105 2081
4157 13528186 3869
4158 13532055 8182
4159 13540237 4236
4160 13544473 2432
4161 13546905 1622
4162 13548527 3057
4163 13551584 1824
4164 13553408 8355
4165 13561763 1744
4166 13563507 517
4167 13564024 3208
4168 13567232 2156
4169 13569388 10239
4170 13579627 1172
4171 13580799 1388
4172 13582187 5227
4173 13587414 2578
4174 13589992 6700
4175 13596692 7871
4176 13604563 1463
4177 13606026 1817
4178 13607843 2291
4179 13610134 3459
4180 13613593 2003
4181 13615596 2147
4182 13617743 6094
4183 13623837 2121
4184 13625958 1502
4185 13627460 1152
4186 13628612 3223
4187 13631835 6360
4188 13638195 2029
4189 13640224 2437
4190 13642661 2654
4191 13645315 2658
4192 13647973 3648
4193 13651621 1458
4194 13653079 8541
4195 13661620 3955
4196 13665575 1525
4197 13667100 10491
4198 13677591 4145
4199 13681736 7248
4200 13688984 10081
4201 13699065 3405
4202 13702470 6541
4203 13709011 4418
4204 13713429 4707
4205 13718136 3039
4206 13721175 1366
4207 13722541 3119
4208 13725660 2002
4209 13727662 1715
4210 13729377 1761
4211 13731138 3399
4212 13734537 2110
4213 13736647 2175
4214 13738822 1029
4215 13739851 1939
4216 13741790 4003
4217 13745793 2244
4218 13748037 5444
4219 13753481 1790
4220 13755271 1942
4221 13757213 2590
4222 13759803 2240
4223 13762043 2425
4224 13764468 2232
4225 13766700 1839
4226 13768539 2429
4227 13770968 6064
4228 13777032 5000
4229 13782032 1674
4230 13783706 13721
4231 13797427 5418
4232 13802845 1022
4233 13803867 14551
4234 13818418 1900
4235 13820318 1651
4236 13821969 1141
4237 13823110 1563
4238 13824673 1810
4239 13826483 6124
4240 13832607 3034
4241 13835641 3124
4242 13838765 2432
4243 13841197 2000
4244 13843197 2896
4245 13846093 5449
4246 13851542 15438
4247 13866980 7285
4248 13874265 3401
4249 13877666 3280
4250 13880946 2586
4251 13883532 3006
4252 13886538 1388
4253 13887926 2343
4254 13890269 5319
4255 13895588 1657
4256 13897245 1342
4257 13898587 1750
4258 13900337 2036
4259 13902373 2110
4260 13904483 2649
4261 13907132 2074
4262 13909206 1541
4263 13910747 1535
4264 13912282 1440
4265 13913722 2536
4266 13916258 2859
4267 13919117 2748
4268 13921865 1292
4269 13923157 1148
4270 13924305 903
4271 13925208 1023
4272 13926231 1038
4273 13927269 2402
4274 13929671 1786
4275 13931457 1195
4276 13932652 945
4277 13933597 1176
4278 13934773 1400
4279 13936173 1041
4280 13937214 1992
4281 13939206 2668
4282 13941874 1318
4283 13943192 2785
4284 13945977 2861
4285 13948838 3042
4286 13951880 1105
4287 13952985 3670
4288 13956655 2588
4289 13959243 4339
4290 13963582 3375
4291 13966957 5926
4292 13972883 3344
4293 13976227 965
4294 13977192 2372
4295 13979564 4672
4296 13984236 2357
4297 13986593 839
4298 13987432 5850
4299 13993282 1279
4300 13994561 6060
4301 14000621 919
4302 14001540 1663
4303 14003203 918
4304 14004121 3319
4305 14007440 6462
4306 14013902 871
4307 14014773 3465
4308 14018238 4082
4309 14022320 1292
4310 14023612 1126
4311 14024738 1847
4312 14026585 1580
4313 14028165 2542
4314 14030707 2541
4315 14033248 1793
4316 14035041 1424
4317 14036465 2955
4318 14039420 2482
4319 14041902 1613
4320 14043515 1906
4321 14045421 1126
4322 14046547 996
4323 14047543 3409
4324 14050952 2003
4325 14052955 1974
4326 14054929 2269
4327 14057198 1999
4328 14059197 3169
4329 14062366 1839
4330 14064205 3242
4331 14067447 3846
4332 14071293 562
4333 14071855 1150
4334 14073005 855
4335 14073860 2613
4336 14076473 1102
4337 14077575 2325
4338 14079900 1907
4339 14081807 1469
4340 14083276 769
4341 14084045 1722
4342 14085767 2583
4343 14088350 1611
4344 14089961 2331
4345 14092292 2434
4346 14094726 2294
4347 14097020 1112
4348 14098132 2565
4349 14100697 1471
4350 14102168 4231
4351 14106399 2154
4352 14108553 1835
4353 14110388 2294
4354 14112682 4258
4355 14116940 582
4356 14117522 875
4357 14118397 2609
4358 14121006 4284
4359 14125290 3603
4360 14128893 949
4361 14129842 4125
4362 14133967 3559
4363 14137526 1266
4364 14138792 2440
4365 14141232 2699
