1 0 3798
2 3798 1693
3 5491 2743
4 8234 2724
5 10958 556
6 11514 4192
7 15706 6114
8 21820 1780
9 23600 3635
10 27235 2498
11 29733 6066
12 35799 5823
13 41622 7809
14 49431 4982
15 54413 950
16 55363 1316
17 56679 2076
18 58755 4108
19 62863 3537
20 66400 649
21 67049 4102
22 71151 2953
23 74104 2896
24 77000 3548
25 80548 5655
26 86203 4690
27 90893 5137
28 96030 2750
29 98780 9211
30 107991 9449
31 117440 5591
32 123031 2066
33 125097 7398
34 132495 2037
35 134532 3531
36 138063 3777
37 141840 2651
38 144491 8409
39 152900 1351
40 154251 1927
41 156178 3131
42 159309 4603
43 163912 2068
44 165980 1244
45 167224 1264
46 168488 5332
47 173820 2826
48 176646 4059
49 180705 1181
50 181886 2067
51 183953 2189
52 186142 1382
53 187524 2937
54 190461 1629
55 192090 7364
56 199454 5341
57 204795 782
58 205577 577
59 206154 906
60 207060 717
61 207777 578
62 208355 616
63 208971 1386
64 210357 3569
65 213926 3784
66 217710 557
67 218267 2130
68 220397 1383
69 221780 3441
70 225221 6295
71 231516 3313
72 234829 5369
73 240198 3055
74 243253 3856
75 247109 3335
76 250444 3084
77 253528 2146
78 255674 1980
79 257654 3243
80 260897 3822
81 264719 254
82 264973 1987
83 266960 2217
84 269177 3854
85 273031 3845
86 276876 3667
87 280543 11197
88 291740 10120
89 301860 2096
90 303956 3869
91 307825 3493
92 311318 4263
93 315581 1562
94 317143 1503
95 318646 2398
96 321044 1995
97 323039 3147
98 326186 2806
99 328992 1964
100 330956 2434
101 333390 1345
102 334735 5567
103 340302 1290
104 341592 2006
105 343598 2714
106 346312 2470
107 348782 1266
108 350048 1189
109 351237 6870
110 358107 3219
111 361326 2646
112 363972 5294
113 369266 1967
114 371233 2622
115 373855 4827
116 378682 4780
117 383462 4539
118 388001 3140
119 391141 7747
120 398888 5865
121 404753 3581
122 408334 3396
123 411730 2418
124 414148 3547
125 417695 2227
126 419922 2092
127 422014 9241
128 431255 5462
129 436717 7578
130 444295 5494
131 449789 4912
132 454701 8320
133 463021 12005
134 475026 6385
135 481411 1486
136 482897 1911
137 484808 1029
138 485837 5353
139 491190 3006
140 494196 724
141 494920 4244
142 499164 869
143 500033 3202
144 503235 787
145 504022 974
146 504996 4282
147 509278 3724
148 513002 1329
149 514331 1861
150 516192 1202
151 517394 1690
152 519084 932
153 520016 2552
154 522568 4438
155 527006 4736
156 531742 1164
157 532906 2296
158 535202 1010
159 536212 2026
160 538238 947
161 539185 1247
162 540432 1537
163 541969 608
164 542577 4019
165 546596 1502
166 548098 4865
167 552963 2536
168 555499 2120
169 557619 2542
170 560161 2293
171 562454 3538
172 565992 1726
173 567718 1176
174 568894 2660
175 571554 2079
176 573633 1949
177 575582 4344
178 579926 14650
179 594576 2176
180 596752 6639
181 603391 13782
182 617173 9113
183 626286 3757
184 630043 4658
185 634701 3691
186 638392 5723
187 644115 1742
188 645857 9147
189 655004 4038
190 659042 1943
191 660985 9815
192 670800 6538
193 677338 2504
194 679842 4580
195 684422 7602
196 692024 2137
197 694161 3756
198 697917 4364
199 702281 1137
200 703418 2265
201 705683 1523
202 707206 3308
203 710514 1247
204 711761 1823
205 713584 4600
206 718184 1126
207 719310 4267
208 723577 1870
209 725447 2192
210 727639 256
211 727895 5002
212 732897 2676
213 735573 2646
214 738219 406
215 738625 1572
216 740197 1545
217 741742 2234
218 743976 1538
219 745514 1126
220 746640 2712
221 749352 1060
222 750412 374
223 750786 4622
224 755408 1329
225 756737 938
226 757675 3963
227 761638 1385
228 763023 3173
229 766196 2668
230 768864 581
231 769445 1334
232 770779 1283
233 772062 2543
234 774605 1242
235 775847 8194
236 784041 635
237 784676 1380
238 786056 7460
239 793516 3913
240 797429 3760
241 801189 3512
242 804701 7054
243 811755 4967
244 816722 1705
245 818427 1639
246 820066 2082
247 822148 1387
248 823535 551
249 824086 1400
250 825486 2342
251 827828 4537
252 832365 1583
253 833948 11603
254 845551 2098
255 847649 861
256 848510 963
257 849473 1104
258 850577 1869
259 852446 760
260 853206 11616
261 864822 1827
262 866649 3009
263 869658 3790
264 873448 994
265 874442 2254
266 876696 1273
267 877969 4807
268 882776 355
269 883131 7100
270 890231 1087
271 891318 1826
272 893144 2611
273 895755 1529
274 897284 1290
275 898574 6724
276 905298 3584
277 908882 1051
278 909933 3579
279 913512 1697
280 915209 3040
281 918249 1364
282 919613 553
283 920166 820
284 920986 4881
285 925867 1278
286 927145 6491
287 933636 2736
288 936372 488
289 936860 4287
290 941147 565
291 941712 1531
292 943243 2170
293 945413 2840
294 948253 3220
295 951473 1420
296 952893 1578
297 954471 1180
298 955651 1495
299 957146 2394
300 959540 635
301 960175 6757
302 966932 8263
303 975195 3759
304 978954 5064
305 984018 3544
306 987562 1932
307 989494 1035
308 990529 1454
309 991983 1213
310 993196 2142
311 995338 1342
312 996680 1781
313 998461 1851
314 1000312 2222
315 1002534 1847
316 1004381 7710
317 1012091 18398
318 1030489 3922
319 1034411 4454
320 1038865 3389
321 1042254 3592
322 1045846 10556
323 1056402 4108
324 1060510 1262
325 1061772 937
326 1062709 1549
327 1064258 1010
328 1065268 2018
329 1067286 4507
330 1071793 1675
331 1073468 6283
332 1079751 7743
333 1087494 2038
334 1089532 4048
335 1093580 2718
336 1096298 4816
337 1101114 8893
338 1110007 5022
339 1115029 8020
340 1123049 4830
341 1127879 10084
342 1137963 2257
343 1140220 1662
344 1141882 2146
345 1144028 1921
346 1145949 2482
347 1148431 2940
348 1151371 2628
349 1153999 13347
350 1167346 2535
351 1169881 2306
352 1172187 2557
353 1174744 3132
354 1177876 1633
355 1179509 10206
356 1189715 9698
357 1199413 4766
358 1204179 7046
359 1211225 3706
360 1214931 3473
361 1218404 2893
362 1221297 5924
363 1227221 3130
364 1230351 5905
365 1236256 4819
366 1241075 13781
367 1254856 3877
368 1258733 3016
369 1261749 1670
370 1263419 8155
371 1271574 5738
372 1277312 12549
373 1289861 3862
374 1293723 2251
375 1295974 5514
376 1301488 5896
377 1307384 7974
378 1315358 10189
379 1325547 3649
380 1329196 3435
381 1332631 2231
382 1334862 431
383 1335293 3830
384 1339123 2077
385 1341200 1530
386 1342730 7425
387 1350155 1067
388 1351222 991
389 1352213 1724
390 1353937 3325
391 1357262 1872
392 1359134 4108
393 1363242 2217
394 1365459 4074
395 1369533 1444
396 1370977 4967
397 1375944 2649
398 1378593 1800
399 1380393 2023
400 1382416 1532
401 1383948 2044
402 1385992 3164
403 1389156 6367
404 1395523 1031
405 1396554 6688
406 1403242 985
407 1404227 1195
408 1405422 836
409 1406258 6360
410 1412618 2892
411 1415510 5126
412 1420636 9117
413 1429753 7402
414 1437155 1879
415 1439034 5538
416 1444572 3648
417 1448220 1557
418 1449777 689
419 1450466 3332
420 1453798 9218
421 1463016 2927
422 1465943 2265
423 1468208 5762
424 1473970 1348
425 1475318 4460
426 1479778 740
427 1480518 2601
428 1483119 1586
429 1484705 1183
430 1485888 2565
431 1488453 4409
432 1492862 2974
433 1495836 5479
434 1501315 5913
435 1507228 4512
436 1511740 2809
437 1514549 2115
438 1516664 1117
439 1517781 855
440 1518636 2686
441 1521322 5830
442 1527152 995
443 1528147 1855
444 1530002 1782
445 1531784 7520
446 1539304 1254
447 1540558 2274
448 1542832 2479
449 1545311 1441
450 1546752 630
451 1547382 5051
452 1552433 6169
453 1558602 11671
454 1570273 1265
455 1571538 2390
456 1573928 1077
457 1575005 1312
458 1576317 2230
459 1578547 2868
460 1581415 5234
461 1586649 2488
462 1589137 3070
463 1592207 20127
464 1612334 2896
465 1615230 1660
466 1616890 2294
467 1619184 1811
468 1620995 1508
469 1622503 7398
470 1629901 4650
471 1634551 12638
472 1647189 2460
473 1649649 1870
474 1651519 1493
475 1653012 3156
476 1656168 1426
477 1657594 3928
478 1661522 1151
479 1662673 1178
480 1663851 1384
481 1665235 2433
482 1667668 2007
483 1669675 2408
484 1672083 3513
485 1675596 245
486 1675841 1018
487 1676859 7367
488 1684226 5257
489 1689483 6617
490 1696100 4481
491 1700581 3746
492 1704327 2797
493 1707124 30970
494 1738094 4009
495 1742103 5334
496 1747437 2892
497 1750329 2012
498 1752341 4790
499 1757131 1273
500 1758404 2609
501 1761013 5177
502 1766190 7870
503 1774060 5364
504 1779424 11053
505 1790477 1878
506 1792355 7313
507 1799668 3734
508 1803402 7972
509 1811374 524
510 1811898 5259
511 1817157 2540
512 1819697 3127
513 1822824 3925
514 1826749 795
515 1827544 917
516 1828461 5718
517 1834179 1530
518 1835709 2184
519 1837893 2664
520 1840557 3712
521 1844269 3316
522 1847585 2132
523 1849717 4872
524 1854589 10188
525 1864777 633
526 1865410 3210
527 1868620 3499
528 1872119 5360
529 1877479 3809
530 1881288 6294
531 1887582 9902
532 1897484 2121
533 1899605 1677
534 1901282 3169
535 1904451 5626
536 1910077 3714
537 1913791 2028
538 1915819 4440
539 1920259 1410
540 1921669 9499
541 1931168 4622
542 1935790 2627
543 1938417 3621
544 1942038 1849
545 1943887 1529
546 1945416 1551
547 1946967 4762
548 1951729 2937
549 1954666 8605
550 1963271 7821
551 1971092 5352
552 1976444 3087
553 1979531 7170
554 1986701 1240
555 1987941 2847
556 1990788 2634
557 1993422 1994
558 1995416 2363
559 1997779 570
560 1998349 5927
561 2004276 563
562 2004839 2119
563 2006958 6671
564 2013629 5926
565 2019555 2564
566 2022119 3118
567 2025237 8985
568 2034222 3660
569 2037882 3937
570 2041819 3084
571 2044903 9000
572 2053903 4084
573 2057987 3437
574 2061424 3682
575 2065106 1511
576 2066617 4526
577 2071143 1066
578 2072209 1820
579 2074029 5640
580 2079669 2139
581 2081808 1840
582 2083648 15898
583 2099546 5977
584 2105523 2298
585 2107821 2662
586 2110483 5447
587 2115930 3966
588 2119896 13815
589 2133711 3870
590 2137581 1893
591 2139474 3683
592 2143157 6638
593 2149795 3005
594 2152800 609
595 2153409 4734
596 2158143 4600
597 2162743 2754
598 2165497 4787
599 2170284 2202
600 2172486 784
601 2173270 5153
602 2178423 9838
603 2188261 1699
604 2189960 788
605 2190748 773
606 2191521 2967
607 2194488 1917
608 2196405 2358
609 2198763 3229
610 2201992 2939
611 2204931 3002
612 2207933 3054
613 2210987 2484
614 2213471 2515
615 2215986 2584
616 2218570 900
617 2219470 1642
618 2221112 5876
619 2226988 2624
620 2229612 1334
621 2230946 2091
622 2233037 1626
623 2234663 2944
624 2237607 5849
625 2243456 1241
626 2244697 2868
627 2247565 1890
628 2249455 1283
629 2250738 1167
630 2251905 1824
631 2253729 6038
632 2259767 1848
633 2261615 3486
634 2265101 1641
635 2266742 659
636 2267401 2750
637 2270151 945
638 2271096 5807
639 2276903 5257
640 2282160 1659
641 2283819 810
642 2284629 839
643 2285468 2531
644 2287999 5846
645 2293845 3785
646 2297630 3761
647 2301391 3719
648 2305110 3814
649 2308924 3868
650 2312792 3896
651 2316688 4100
652 2320788 3917
653 2324705 3842
654 2328547 3866
655 2332413 3884
656 2336297 3803
657 2340100 3842
658 2343942 3860
659 2347802 3856
660 2351658 3903
661 2355561 3742
662 2359303 675
663 2359978 5866
664 2365844 731
665 2366575 2851
666 2369426 2914
667 2372340 1139
668 2373479 1322
669 2374801 7627
670 2382428 1531
671 2383959 2343
672 2386302 2143
673 2388445 1504
674 2389949 1030
675 2390979 1749
676 2392728 2669
677 2395397 1956
678 2397353 17087
679 2414440 1593
680 2416033 4894
681 2420927 2155
682 2423082 2866
683 2425948 6326
684 2432274 580
685 2432854 4080
686 2436934 2088
687 2439022 1259
688 2440281 4705
689 2444986 900
690 2445886 2164
691 2448050 1942
692 2449992 4229
693 2454221 4742
694 2458963 9284
695 2468247 4177
696 2472424 2753
697 2475177 891
698 2476068 856
699 2476924 955
700 2477879 1099
701 2478978 3182
702 2482160 5215
703 2487375 5606
704 2492981 4740
705 2497721 5577
706 2503298 1919
707 2505217 3923
708 2509140 6121
709 2515261 2481
710 2517742 4476
711 2522218 1013
712 2523231 830
713 2524061 4214
714 2528275 2711
715 2530986 3000
716 2533986 1294
717 2535280 1987
718 2537267 2360
719 2539627 2778
720 2542405 2346
721 2544751 1333
722 2546084 4741
723 2550825 4622
724 2555447 3619
725 2559066 3172
726 2562238 4146
727 2566384 4545
728 2570929 2815
729 2573744 3863
730 2577607 2350
731 2579957 1781
732 2581738 2339
733 2584077 20537
734 2604614 3352
735 2607966 4124
736 2612090 1959
737 2614049 8774
738 2622823 2718
739 2625541 5357
740 2630898 5389
741 2636287 3729
742 2640016 4210
743 2644226 5972
744 2650198 3069
745 2653267 5502
746 2658769 1778
747 2660547 2661
748 2663208 5072
749 2668280 4829
750 2673109 3352
751 2676461 5460
752 2681921 5531
753 2687452 4318
754 2691770 2578
755 2694348 4452
756 2698800 7440
757 2706240 225
758 2706465 4771
759 2711236 210
760 2711446 942
761 2712388 833
762 2713221 2274
763 2715495 1819
764 2717314 977
765 2718291 1879
766 2720170 12177
767 2732347 4475
768 2736822 1921
769 2738743 6928
770 2745671 10017
771 2755688 1156
772 2756844 9985
773 2766829 3420
774 2770249 1442
775 2771691 3556
776 2775247 5406
777 2780653 4706
778 2785359 5581
779 2790940 3496
780 2794436 1775
781 2796211 821
782 2797032 2619
783 2799651 3980
784 2803631 3568
785 2807199 5209
786 2812408 5296
787 2817704 1354
788 2819058 9413
789 2828471 3328
790 2831799 634
791 2832433 1587
792 2834020 3359
793 2837379 1921
794 2839300 3316
795 2842616 5152
796 2847768 2171
797 2849939 5871
798 2855810 2341
799 2858151 4256
800 2862407 4957
801 2867364 2016
802 2869380 3181
803 2872561 2498
804 2875059 7834
805 2882893 2711
806 2885604 2062
807 2887666 6265
808 2893931 4293
809 2898224 4413
810 2902637 3882
811 2906519 6935
812 2913454 3652
813 2917106 3332
814 2920438 4672
815 2925110 5314
816 2930424 4491
817 2934915 3467
818 2938382 4169
819 2942551 1187
820 2943738 7995
821 2951733 4619
822 2956352 4437
823 2960789 4422
824 2965211 4134
825 2969345 5612
826 2974957 7846
827 2982803 2394
828 2985197 2175
829 2987372 2998
830 2990370 2992
831 2993362 4662
832 2998024 5477
833 3003501 3216
834 3006717 4136
835 3010853 5508
836 3016361 4730
837 3021091 5166
838 3026257 2538
839 3028795 2776
840 3031571 3016
841 3034587 8310
842 3042897 1276
843 3044173 818
844 3044991 235
845 3045226 4196
846 3049422 3392
847 3052814 1592
848 3054406 9997
849 3064403 3116
850 3067519 8803
851 3076322 4011
852 3080333 5293
853 3085626 4980
854 3090606 8632
855 3099238 4845
856 3104083 3968
857 3108051 569
858 3108620 4734
859 3113354 4442
860 3117796 3862
861 3121658 5873
862 3127531 7265
863 3134796 6517
864 3141313 2621
865 3143934 3408
866 3147342 1015
867 3148357 22959
868 3171316 18629
869 3189945 2631
870 3192576 8525
871 3201101 1694
872 3202795 2442
873 3205237 7184
874 3212421 3387
875 3215808 11062
876 3226870 2923
877 3229793 3559
878 3233352 3270
879 3236622 4884
880 3241506 7313
881 3248819 6951
882 3255770 6240
883 3262010 1122
884 3263132 2833
885 3265965 3494
886 3269459 1094
887 3270553 2485
888 3273038 1601
889 3274639 6392
890 3281031 13673
891 3294704 2145
892 3296849 13001
893 3309850 6518
894 3316368 2926
895 3319294 5080
896 3324374 2011
897 3326385 9093
898 3335478 6612
899 3342090 2528
900 3344618 6494
901 3351112 2740
902 3353852 772
903 3354624 5997
904 3360621 3373
905 3363994 8990
906 3372984 4062
907 3377046 2088
908 3379134 3469
909 3382603 7635
910 3390238 2679
911 3392917 2776
912 3395693 9707
913 3405400 19384
914 3424784 3155
915 3427939 2792
916 3430731 5415
917 3436146 2300
918 3438446 4306
919 3442752 6635
920 3449387 1009
921 3450396 4928
922 3455324 8327
923 3463651 5394
924 3469045 6725
925 3475770 969
926 3476739 3834
927 3480573 2998
928 3483571 3633
929 3487204 2589
930 3489793 3749
931 3493542 4735
932 3498277 9679
933 3507956 9686
934 3517642 11578
935 3529220 2202
936 3531422 4845
937 3536267 3067
938 3539334 1697
939 3541031 5835
940 3546866 2080
941 3548946 1972
942 3550918 8441
943 3559359 8844
944 3568203 2807
945 3571010 4542
946 3575552 3197
947 3578749 1993
948 3580742 10694
949 3591436 6331
950 3597767 4932
951 3602699 5355
952 3608054 1369
953 3609423 1905
954 3611328 3654
955 3614982 243
956 3615225 3753
957 3618978 2582
958 3621560 7737
959 3629297 7054
960 3636351 6537
961 3642888 8851
962 3651739 3202
963 3654941 2862
964 3657803 1895
965 3659698 7112
966 3666810 3463
967 3670273 2702
968 3672975 1214
969 3674189 11688
970 3685877 10892
971 3696769 9953
972 3706722 6985
973 3713707 8988
974 3722695 2344
975 3725039 571
976 3725610 2826
977 3728436 674
978 3729110 6424
979 3735534 4351
980 3739885 2373
981 3742258 9244
982 3751502 6572
983 3758074 1613
984 3759687 7465
985 3767152 2784
986 3769936 7735
987 3777671 4526
988 3782197 2991
989 3785188 6361
990 3791549 9305
991 3800854 3025
992 3803879 4437
993 3808316 3949
994 3812265 1767
995 3814032 6569
996 3820601 5526
997 3826127 5285
998 3831412 8081
999 3839493 1889
1000 3841382 2872
1001 3844254 8122
1002 3852376 11586
1003 3863962 2084
1004 3866046 3644
1005 3869690 5206
1006 3874896 5371
1007 3880267 5199
1008 3885466 6377
1009 3891843 1070
1010 3892913 7235
1011 3900148 2980
1012 3903128 9569
1013 3912697 4256
1014 3916953 6461
1015 3923414 2922
1016 3926336 1631
1017 3927967 2958
1018 3930925 3438
1019 3934363 1809
1020 3936172 5591
1021 3941763 9109
1022 3950872 222
1023 3951094 2330
1024 3953424 8457
1025 3961881 6835
1026 3968716 6497
1027 3975213 3726
1028 3978939 3419
1029 3982358 2925
1030 3985283 3451
1031 3988734 507
1032 3989241 2205
1033 3991446 3963
1034 3995409 3652
1035 3999061 2947
1036 4002008 3616
1037 4005624 2733
1038 4008357 6598
1039 4014955 9459
1040 4024414 8476
1041 4032890 10563
1042 4043453 9726
1043 4053179 10312
1044 4063491 7994
1045 4071485 5506
1046 4076991 6280
1047 4083271 7529
1048 4090800 3587
1049 4094387 4026
1050 4098413 2407
1051 4100820 1594
1052 4102414 1699
1053 4104113 3188
1054 4107301 3550
1055 4110851 7636
1056 4118487 6378
1057 4124865 5973
1058 4130838 3609
1059 4134447 4630
1060 4139077 3520
1061 4142597 11640
1062 4154237 5188
1063 4159425 6677
1064 4166102 4842
1065 4170944 1107
1066 4172051 4203
1067 4176254 3694
1068 4179948 3479
1069 4183427 4348
1070 4187775 4941
1071 4192716 4594
1072 4197310 8022
1073 4205332 2282
1074 4207614 5574
1075 4213188 4414
1076 4217602 6568
1077 4224170 4826
1078 4228996 2204
1079 4231200 2180
1080 4233380 1530
1081 4234910 3350
1082 4238260 4632
1083 4242892 4171
1084 4247063 6272
1085 4253335 8614
1086 4261949 1890
1087 4263839 5817
1088 4269656 7311
1089 4276967 1322
1090 4278289 3457
1091 4281746 4144
1092 4285890 1663
1093 4287553 7331
1094 4294884 2791
1095 4297675 10176
1096 4307851 4329
1097 4312180 5841
1098 4318021 851
1099 4318872 3793
1100 4322665 2012
1101 4324677 4368
1102 4329045 5512
1103 4334557 3068
1104 4337625 2800
1105 4340425 3793
1106 4344218 2175
1107 4346393 4059
1108 4350452 13190
1109 4363642 2566
1110 4366208 1970
1111 4368178 3674
1112 4371852 3917
1113 4375769 3927
1114 4379696 1948
1115 4381644 5490
1116 4387134 6928
1117 4394062 2560
1118 4396622 4634
1119 4401256 7028
1120 4408284 1555
1121 4409839 2536
1122 4412375 2725
1123 4415100 866
1124 4415966 5413
1125 4421379 321
1126 4421700 890
1127 4422590 3629
1128 4426219 5978
1129 4432197 1290
1130 4433487 1437
1131 4434924 3739
1132 4438663 4635
1133 4443298 2439
1134 4445737 2255
1135 4447992 3829
1136 4451821 4113
1137 4455934 981
1138 4456915 2990
1139 4459905 1192
1140 4461097 1836
1141 4462933 2055
1142 4464988 3179
1143 4468167 7196
1144 4475363 8665
1145 4484028 4019
1146 4488047 4050
1147 4492097 4680
1148 4496777 3956
1149 4500733 4683
1150 4505416 1210
1151 4506626 4269
1152 4510895 2761
1153 4513656 1769
1154 4515425 1131
1155 4516556 4093
1156 4520649 3929
1157 4524578 2943
1158 4527521 1343
1159 4528864 3219
1160 4532083 7744
1161 4539827 19127
1162 4558954 2250
1163 4561204 3838
1164 4565042 1700
1165 4566742 4306
1166 4571048 5174
1167 4576222 8907
1168 4585129 3197
1169 4588326 13430
1170 4601756 3798
1171 4605554 236
1172 4605790 6428
1173 4612218 8764
1174 4620982 5821
1175 4626803 2220
1176 4629023 5028
1177 4634051 1267
1178 4635318 3917
1179 4639235 6418
1180 4645653 1718
1181 4647371 3493
1182 4650864 2859
1183 4653723 6346
1184 4660069 5449
1185 4665518 1860
1186 4667378 6808
1187 4674186 3727
1188 4677913 10488
1189 4688401 7034
1190 4695435 4616
1191 4700051 3578
1192 4703629 6506
1193 4710135 9692
1194 4719827 1646
1195 4721473 2831
1196 4724304 2454
1197 4726758 4613
1198 4731371 8767
1199 4740138 1639
1200 4741777 4869
1201 4746646 1662
1202 4748308 257
1203 4748565 2859
1204 4751424 986
1205 4752410 1163
1206 4753573 15616
1207 4769189 6471
1208 4775660 14002
1209 4789662 775
1210 4790437 2808
1211 4793245 2090
1212 4795335 2647
1213 4797982 2823
1214 4800805 1816
1215 4802621 20102
1216 4822723 9077
1217 4831800 3610
1218 4835410 3592
1219 4839002 3433
1220 4842435 2141
1221 4844576 3400
1222 4847976 468
1223 4848444 2585
1224 4851029 2947
1225 4853976 13968
1226 4867944 1845
1227 4869789 4146
1228 4873935 2798
1229 4876733 3007
1230 4879740 967
1231 4880707 726
1232 4881433 20188
1233 4901621 3884
1234 4905505 266
1235 4905771 28674
1236 4934445 4252
1237 4938697 7439
1238 4946136 9369
1239 4955505 30350
1240 4985855 19721
1241 5005576 988
1242 5006564 654
1243 5007218 2362
1244 5009580 1652
1245 5011232 5003
1246 5016235 3353
1247 5019588 4086
1248 5023674 2538
1249 5026212 4629
1250 5030841 1182
1251 5032023 2041
1252 5034064 707
1253 5034771 459
1254 5035230 9957
1255 5045187 2338
1256 5047525 891
1257 5048416 30490
1258 5078906 3580
1259 5082486 969
1260 5083455 2623
1261 5086078 3161
1262 5089239 368
1263 5089607 7252
1264 5096859 19069
1265 5115928 5740
1266 5121668 1340
1267 5123008 2217
1268 5125225 2385
1269 5127610 2646
1270 5130256 2588
1271 5132844 1282
1272 5134126 9037
1273 5143163 3685
1274 5146848 2183
1275 5149031 2396
1276 5151427 22133
1277 5173560 890
1278 5174450 433
1279 5174883 1189
1280 5176072 3882
1281 5179954 1173
1282 5181127 3576
1283 5184703 3288
1284 5187991 1615
1285 5189606 1384
1286 5190990 2054
1287 5193044 2195
1288 5195239 1321
1289 5196560 1351
1290 5197911 3933
1291 5201844 590
1292 5202434 6508
1293 5208942 2612
1294 5211554 3710
1295 5215264 858
1296 5216122 1309
1297 5217431 2455
1298 5219886 727
1299 5220613 826
1300 5221439 5055
1301 5226494 2185
1302 5228679 1047
1303 5229726 5484
1304 5235210 2016
1305 5237226 1546
1306 5238772 1901
1307 5240673 1215
1308 5241888 1222
1309 5243110 7003
1310 5250113 3801
1311 5253914 1067
1312 5254981 2517
1313 5257498 2276
1314 5259774 3267
1315 5263041 2632
1316 5265673 30087
1317 5295760 1141
1318 5296901 1791
1319 5298692 5154
1320 5303846 1295
1321 5305141 1695
1322 5306836 1776
1323 5308612 2455
1324 5311067 1723
1325 5312790 1627
1326 5314417 2684
1327 5317101 3267
1328 5320368 4709
1329 5325077 1829
1330 5326906 1000
1331 5327906 1539
1332 5329445 2099
1333 5331544 1573
1334 5333117 1845
1335 5334962 1333
1336 5336295 1952
1337 5338247 1668
1338 5339915 905
1339 5340820 2763
1340 5343583 1920
1341 5345503 6200
1342 5351703 2774
1343 5354477 1449
1344 5355926 1251
1345 5357177 2733
1346 5359910 1502
1347 5361412 2362
1348 5363774 1513
1349 5365287 1385
1350 5366672 2237
1351 5368909 1566
1352 5370475 1761
1353 5372236 5265
1354 5377501 2633
1355 5380134 5655
1356 5385789 1721
1357 5387510 1343
1358 5388853 3016
1359 5391869 1648
1360 5393517 2836
1361 5396353 1340
1362 5397693 907
1363 5398600 1654
1364 5400254 4042
1365 5404296 3283
1366 5407579 3032
1367 5410611 3404
1368 5414015 2759
1369 5416774 1454
1370 5418228 1417
1371 5419645 931
1372 5420576 2212
1373 5422788 1674
1374 5424462 1137
1375 5425599 3371
1376 5428970 3248
1377 5432218 3825
1378 5436043 1801
1379 5437844 4919
1380 5442763 3911
1381 5446674 1814
1382 5448488 1832
1383 5450320 1016
1384 5451336 1317
1385 5452653 1032
1386 5453685 1209
1387 5454894 5133
1388 5460027 2328
1389 5462355 1902
1390 5464257 1176
1391 5465433 1339
1392 5466772 1285
1393 5468057 4230
1394 5472287 1553
1395 5473840 2736
1396 5476576 2188
1397 5478764 1146
1398 5479910 1881
1399 5481791 5046
1400 5486837 2385
1401 5489222 1639
1402 5490861 3127
1403 5493988 1228
1404 5495216 633
1405 5495849 1619
1406 5497468 1690
1407 5499158 1616
1408 5500774 8870
1409 5509644 7830
1410 5517474 4485
1411 5521959 2976
1412 5524935 659
1413 5525594 7741
1414 5533335 4099
1415 5537434 12606
1416 5550040 4980
1417 5555020 2579
1418 5557599 3955
1419 5561554 16259
1420 5577813 6365
1421 5584178 2676
1422 5586854 355
1423 5587209 2405
1424 5589614 3912
1425 5593526 2874
1426 5596400 13617
1427 5610017 7988
1428 5618005 1965
1429 5619970 2836
1430 5622806 1987
1431 5624793 1905
1432 5626698 3527
1433 5630225 2272
1434 5632497 3114
1435 5635611 2047
1436 5637658 1885
1437 5639543 2247
1438 5641790 2993
1439 5644783 2913
1440 5647696 1986
1441 5649682 2271
1442 5651953 2246
1443 5654199 1884
1444 5656083 2046
1445 5658129 2660
1446 5660789 3377
1447 5664166 2224
1448 5666390 1967
1449 5668357 1830
1450 5670187 2142
1451 5672329 4558
1452 5676887 3954
1453 5680841 3856
1454 5684697 3063
1455 5687760 2508
1456 5690268 2623
1457 5692891 2388
1458 5695279 2429
1459 5697708 4558
1460 5702266 370
1461 5702636 5921
1462 5708557 3954
1463 5712511 3856
1464 5716367 10010
1465 5726377 2864
1466 5729241 1016
1467 5730257 4480
1468 5734737 7228
1469 5741965 355
1470 5742320 3255
1471 5745575 2728
1472 5748303 2435
1473 5750738 2654
1474 5753392 3625
1475 5757017 4410
1476 5761427 2667
1477 5764094 5048
1478 5769142 2806
1479 5771948 8284
1480 5780232 2809
1481 5783041 6344
1482 5789385 2503
1483 5791888 1276
1484 5793164 17897
1485 5811061 9930
1486 5820991 3017
1487 5824008 3300
1488 5827308 5944
1489 5833252 3539
1490 5836791 1998
1491 5838789 3136
1492 5841925 4551
1493 5846476 4432
1494 5850908 3776
1495 5854684 3048
1496 5857732 24632
1497 5882364 11389
1498 5893753 16381
1499 5910134 30784
1500 5940918 3842
1501 5944760 5714
1502 5950474 2598
1503 5953072 8628
1504 5961700 7451
1505 5969151 2465
1506 5971616 1509
1507 5973125 1689
1508 5974814 2722
1509 5977536 2630
1510 5980166 2301
1511 5982467 3112
1512 5985579 2118
1513 5987697 3036
1514 5990733 7004
1515 5997737 6410
1516 6004147 6936
1517 6011083 6815
1518 6017898 3993
1519 6021891 8136
1520 6030027 7835
1521 6037862 3165
1522 6041027 1848
1523 6042875 3032
1524 6045907 1664
1525 6047571 3074
1526 6050645 3485
1527 6054130 1909
1528 6056039 1576
1529 6057615 4820
1530 6062435 1793
1531 6064228 1567
1532 6065795 2513
1533 6068308 3664
1534 6071972 2112
1535 6074084 1507
1536 6075591 2860
1537 6078451 7866
1538 6086317 3381
1539 6089698 3674
1540 6093372 8923
1541 6102295 3782
1542 6106077 2873
1543 6108950 2250
1544 6111200 3616
1545 6114816 3543
1546 6118359 2119
1547 6120478 1648
1548 6122126 1842
1549 6123968 6408
1550 6130376 3247
1551 6133623 2283
1552 6135906 1908
1553 6137814 3470
1554 6141284 5552
1555 6146836 2053
1556 6148889 4198
1557 6153087 2762
1558 6155849 3805
1559 6159654 1794
1560 6161448 1585
1561 6163033 1594
1562 6164627 1666
1563 6166293 3696
1564 6169989 2781
1565 6172770 4008
1566 6176778 2427
1567 6179205 2441
1568 6181646 2635
1569 6184281 2418
1570 6186699 2580
1571 6189279 23299
1572 6212578 3260
1573 6215838 3662
1574 6219500 6364
1575 6225864 3133
1576 6228997 3341
1577 6232338 3454
1578 6235792 5281
1579 6241073 1656
1580 6242729 2633
1581 6245362 3463
1582 6248825 2494
1583 6251319 1122
1584 6252441 2405
1585 6254846 5125
1586 6259971 4269
1587 6264240 3060
1588 6267300 3819
1589 6271119 2681
1590 6273800 5462
1591 6279262 2569
1592 6281831 3831
1593 6285662 1141
1594 6286803 5356
1595 6292159 1484
1596 6293643 1256
1597 6294899 2086
1598 6296985 7485
1599 6304470 3371
1600 6307841 2579
1601 6310420 719
1602 6311139 710
1603 6311849 733
1604 6312582 714
1605 6313296 753
1606 6314049 731
1607 6314780 742
1608 6315522 688
1609 6316210 683
1610 6316893 706
1611 6317599 691
1612 6318290 769
1613 6319059 737
1614 6319796 715
1615 6320511 683
1616 6321194 726
1617 6321920 679
1618 6322599 711
1619 6323310 696
1620 6324006 684
1621 6324690 704
1622 6325394 697
1623 6326091 707
1624 6326798 701
1625 6327499 719
1626 6328218 753
1627 6328971 703
1628 6329674 736
1629 6330410 716
1630 6331126 712
1631 6331838 731
1632 6332569 713
1633 6333282 719
1634 6334001 751
1635 6334752 706
1636 6335458 739
1637 6336197 748
1638 6336945 725
1639 6337670 749
1640 6338419 710
1641 6339129 726
1642 6339855 758
1643 6340613 738
1644 6341351 714
1645 6342065 689
1646 6342754 722
1647 6343476 702
1648 6344178 712
1649 6344890 689
1650 6345579 716
1651 6346295 704
1652 6346999 702
1653 6347701 704
1654 6348405 698
1655 6349103 710
1656 6349813 752
1657 6350565 708
1658 6351273 738
1659 6352011 718
1660 6352729 683
1661 6353412 721
1662 6354133 714
1663 6354847 734
1664 6355581 716
1665 6356297 753
1666 6357050 688
1667 6357738 707
1668 6358445 739
1669 6359184 714
1670 6359898 721
1671 6360619 713
1672 6361332 716
1673 6362048 734
1674 6362782 753
1675 6363535 707
1676 6364242 737
1677 6364979 702
1678 6365681 765
1679 6366446 719
1680 6367165 694
1681 6367859 723
1682 6368582 706
1683 6369288 717
1684 6370005 705
1685 6370710 692
1686 6371402 705
1687 6372107 700
1688 6372807 717
1689 6373524 701
1690 6374225 755
1691 6374980 728
1692 6375708 709
1693 6376417 738
1694 6377155 706
1695 6377861 709
1696 6378570 714
1697 6379284 714
1698 6379998 712
1699 6380710 734
1700 6381444 715
1701 6382159 752
1702 6382911 708
1703 6383619 739
1704 6384358 743
1705 6385101 714
1706 6385815 690
1707 6386505 716
1708 6387221 714
1709 6387935 733
1710 6388668 721
1711 6389389 753
1712 6390142 708
1713 6390850 712
1714 6391562 706
1715 6392268 763
1716 6393031 738
1717 6393769 705
1718 6394474 717
1719 6395191 717
1720 6395908 692
1721 6396600 709
1722 6397309 704
1723 6398013 708
1724 6398721 696
1725 6399417 711
1726 6400128 705
1727 6400833 709
1728 6401542 707
1729 6402249 724
1730 6402973 753
1731 6403726 678
1732 6404404 736
1733 6405140 708
1734 6405848 738
1735 6406586 714
1736 6407300 749
1737 6408049 735
1738 6408784 718
1739 6409502 713
1740 6410215 750
1741 6410965 708
1742 6411673 764
1743 6412437 688
1744 6413125 697
1745 6413822 736
1746 6414558 717
1747 6415275 716
1748 6415991 724
1749 6416715 753
1750 6417468 715
1751 6418183 733
1752 6418916 745
1753 6419661 712
1754 6420373 722
1755 6421095 709
1756 6421804 760
1757 6422564 764
1758 6423328 712
1759 6424040 738
1760 6424778 709
1761 6425487 698
1762 6426185 702
1763 6426887 706
1764 6427593 703
1765 6428296 735
1766 6429031 715
1767 6429746 692
1768 6430438 694
1769 6431132 694
1770 6431826 706
1771 6432532 705
1772 6433237 734
1773 6433971 724
1774 6434695 745
1775 6435440 707
1776 6436147 748
1777 6436895 737
1778 6437632 711
1779 6438343 736
1780 6439079 728
1781 6439807 740
1782 6440547 724
1783 6441271 723
1784 6441994 748
1785 6442742 704
1786 6443446 250
1787 6443696 233
1788 6443929 737
1789 6444666 720
1790 6445386 748
1791 6446134 756
1792 6446890 709
1793 6447599 714
1794 6448313 737
1795 6449050 701
1796 6449751 707
1797 6450458 702
1798 6451160 701
1799 6451861 743
1800 6452604 700
1801 6453304 714
1802 6454018 700
1803 6454718 683
1804 6455401 702
1805 6456103 706
1806 6456809 691
1807 6457500 704
1808 6458204 701
1809 6458905 719
1810 6459624 699
1811 6460323 708
1812 6461031 744
1813 6461775 749
1814 6462524 764
1815 6463288 738
1816 6464026 704
1817 6464730 714
1818 6465444 735
1819 6466179 698
1820 6466877 737
1821 6467614 694
1822 6468308 710
1823 6469018 722
1824 6469740 707
1825 6470447 720
1826 6471167 744
1827 6471911 704
1828 6472615 697
1829 6473312 737
1830 6474049 707
1831 6474756 722
1832 6475478 699
1833 6476177 744
1834 6476921 708
1835 6477629 725
1836 6478354 710
1837 6479064 720
1838 6479784 758
1839 6480542 753
1840 6481295 764
1841 6482059 706
1842 6482765 778
1843 6483543 735
1844 6484278 704
1845 6484982 709
1846 6485691 698
1847 6486389 729
1848 6487118 688
1849 6487806 694
1850 6488500 717
1851 6489217 697
1852 6489914 715
1853 6490629 702
1854 6491331 729
1855 6492060 693
1856 6492753 743
1857 6493496 727
1858 6494223 706
1859 6494929 736
1860 6495665 702
1861 6496367 708
1862 6497075 743
1863 6497818 730
1864 6498548 708
1865 6499256 709
1866 6499965 721
1867 6500686 705
1868 6501391 736
1869 6502127 736
1870 6502863 702
1871 6503565 694
1872 6504259 746
1873 6505005 713
1874 6505718 706
1875 6506424 731
1876 6507155 721
1877 6507876 699
1878 6508575 737
1879 6509312 776
1880 6510088 736
1881 6510824 708
1882 6511532 755
1883 6512287 754
1884 6513041 747
1885 6513788 763
1886 6514551 766
1887 6515317 740
1888 6516057 735
1889 6516792 736
1890 6517528 753
1891 6518281 738
1892 6519019 723
1893 6519742 746
1894 6520488 688
1895 6521176 699
1896 6521875 736
1897 6522611 709
1898 6523320 746
1899 6524066 709
1900 6524775 731
1901 6525506 710
1902 6526216 718
1903 6526934 697
1904 6527631 738
1905 6528369 723
1906 6529092 683
1907 6529775 747
1908 6530522 713
1909 6531235 712
1910 6531947 736
1911 6532683 718
1912 6533401 749
1913 6534150 700
1914 6534850 781
1915 6535631 780
1916 6536411 775
1917 6537186 736
1918 6537922 720
1919 6538642 687
1920 6539329 696
1921 6540025 700
1922 6540725 707
1923 6541432 681
1924 6542113 727
1925 6542840 675
1926 6543515 685
1927 6544200 709
1928 6544909 688
1929 6545597 724
1930 6546321 748
1931 6547069 699
1932 6547768 736
1933 6548504 260
1934 6548764 722
1935 6549486 740
1936 6550226 746
1937 6550972 729
1938 6551701 712
1939 6552413 736
1940 6553149 713
1941 6553862 723
1942 6554585 699
1943 6555284 727
1944 6556011 738
1945 6556749 747
1946 6557496 699
1947 6558195 734
1948 6558929 736
1949 6559665 701
1950 6560366 766
1951 6561132 732
1952 6561864 688
1953 6562552 713
1954 6563265 702
1955 6563967 700
1956 6564667 697
1957 6565364 675
1958 6566039 698
1959 6566737 692
1960 6567429 698
1961 6568127 701
1962 6568828 696
1963 6569524 707
1964 6570231 745
1965 6570976 709
1966 6571685 734
1967 6572419 689
1968 6573108 717
1969 6573825 703
1970 6574528 767
1971 6575295 745
1972 6576040 738
1973 6576778 744
1974 6577522 709
1975 6578231 711
1976 6578942 703
1977 6579645 726
1978 6580371 697
1979 6581068 711
1980 6581779 709
1981 6582488 737
1982 6583225 706
1983 6583931 729
1984 6584660 747
1985 6585407 744
1986 6586151 722
1987 6586873 714
1988 6587587 724
1989 6588311 709
1990 6589020 737
1991 6589757 711
1992 6590468 719
1993 6591187 704
1994 6591891 696
1995 6592587 691
1996 6593278 700
1997 6593978 684
1998 6594662 700
1999 6595362 717
2000 6596079 700
2001 6596779 696
2002 6597475 745
2003 6598220 728
2004 6598948 708
2005 6599656 740
2006 6600396 736
2007 6601132 710
2008 6601842 746
2009 6602588 713
2010 6603301 714
2011 6604015 741
2012 6604756 727
2013 6605483 708
2014 6606191 736
2015 6606927 733
2016 6607660 709
2017 6608369 723
2018 6609092 735
2019 6609827 690
2020 6610517 695
2021 6611212 687
2022 6611899 747
2023 6612646 741
2024 6613387 716
2025 6614103 716
2026 6614819 726
2027 6615545 708
2028 6616253 737
2029 6616990 714
2030 6617704 697
2031 6618401 703
2032 6619104 698
2033 6619802 690
2034 6620492 704
2035 6621196 693
2036 6621889 713
2037 6622602 678
2038 6623280 691
2039 6623971 706
2040 6624677 702
2041 6625379 747
2042 6626126 728
2043 6626854 732
2044 6627586 701
2045 6628287 715
2046 6629002 737
2047 6629739 694
2048 6630433 708
2049 6631141 709
2050 6631850 687
2051 6632537 691
2052 6633228 747
2053 6633975 710
2054 6634685 741
2055 6635426 708
2056 6636134 723
2057 6636857 701
2058 6637558 681
2059 6638239 737
2060 6638976 708
2061 6639684 747
2062 6640431 737
2063 6641168 709
2064 6641877 740
2065 6642617 709
2066 6643326 717
2067 6644043 701
2068 6644744 737
2069 6645481 689
2070 6646170 697
2071 6646867 716
2072 6647583 719
2073 6648302 692
2074 6648994 690
2075 6649684 741
2076 6650425 718
2077 6651143 691
2078 6651834 689
2079 6652523 747
2080 6653270 681
2081 6653951 723
2082 6654674 760
2083 6655434 719
2084 6656153 687
2085 6656840 694
2086 6657534 689
2087 6658223 699
2088 6658922 677
2089 6659599 701
2090 6660300 684
2091 6660984 683
2092 6661667 710
2093 6662377 692
2094 6663069 736
2095 6663805 708
2096 6664513 746
2097 6665259 675
2098 6665934 718
2099 6666652 704
2100 6667356 3384
2101 6670740 3735
2102 6674475 6401
2103 6680876 1532
2104 6682408 2729
2105 6685137 2138
2106 6687275 3153
2107 6690428 1647
2108 6692075 8559
2109 6700634 3548
2110 6704182 3435
2111 6707617 1410
2112 6709027 7960
2113 6716987 8244
2114 6725231 8681
2115 6733912 5730
2116 6739642 7463
2117 6747105 7126
2118 6754231 5535
2119 6759766 1839
2120 6761605 6468
2121 6768073 9080
2122 6777153 3908
2123 6781061 4637
2124 6785698 2771
2125 6788469 2441
2126 6790910 3905
2127 6794815 4853
2128 6799668 4306
2129 6803974 3291
2130 6807265 7096
2131 6814361 8619
2132 6822980 8532
2133 6831512 2840
2134 6834352 689
2135 6835041 4233
2136 6839274 8179
2137 6847453 8380
2138 6855833 5451
2139 6861284 2456
2140 6863740 7641
2141 6871381 6685
2142 6878066 3505
2143 6881571 2942
2144 6884513 1102
2145 6885615 3096
2146 6888711 10643
2147 6899354 7606
2148 6906960 7659
2149 6914619 1083
2150 6915702 3011
2151 6918713 1836
2152 6920549 8070
2153 6928619 6984
2154 6935603 4104
2155 6939707 1074
2156 6940781 9622
2157 6950403 9673
2158 6960076 2748
2159 6962824 3836
2160 6966660 5733
2161 6972393 14825
2162 6987218 3087
2163 6990305 4498
2164 6994803 7934
2165 7002737 6541
2166 7009278 2549
2167 7011827 3908
2168 7015735 3843
2169 7019578 1901
2170 7021479 3428
2171 7024907 5120
2172 7030027 2282
2173 7032309 1148
2174 7033457 1405
2175 7034862 4037
2176 7038899 1032
2177 7039931 3528
2178 7043459 3342
2179 7046801 3717
2180 7050518 3318
2181 7053836 2506
2182 7056342 1028
2183 7057370 1303
2184 7058673 8108
2185 7066781 7054
2186 7073835 4525
2187 7078360 7339
2188 7085699 1037
2189 7086736 3371
2190 7090107 9112
2191 7099219 2189
2192 7101408 6337
2193 7107745 6328
2194 7114073 1184
2195 7115257 872
2196 7116129 6842
2197 7122971 3623
2198 7126594 2722
2199 7129316 1065
2200 7130381 832
2201 7131213 1146
2202 7132359 2989
2203 7135348 4461
2204 7139809 9729
2205 7149538 2241
2206 7151779 3216
2207 7154995 2151
2208 7157146 2332
2209 7159478 27093
2210 7186571 1945
2211 7188516 1825
2212 7190341 5425
2213 7195766 5515
2214 7201281 2552
2215 7203833 3463
2216 7207296 4827
2217 7212123 3778
2218 7215901 3431
2219 7219332 15539
2220 7234871 4195
2221 7239066 3648
2222 7242714 10208
2223 7252922 1733
2224 7254655 1554
2225 7256209 5919
2226 7262128 11011
2227 7273139 5305
2228 7278444 3907
2229 7282351 2250
2230 7284601 1361
2231 7285962 719
2232 7286681 1585
2233 7288266 4704
2234 7292970 2787
2235 7295757 2006
2236 7297763 8846
2237 7306609 6326
2238 7312935 5246
2239 7318181 2027
2240 7320208 6529
2241 7326737 3023
2242 7329760 2993
2243 7332753 7565
2244 7340318 1751
2245 7342069 2171
2246 7344240 2646
2247 7346886 1753
2248 7348639 1655
2249 7350294 10972
2250 7361266 7669
2251 7368935 3435
2252 7372370 3092
2253 7375462 1954
2254 7377416 5629
2255 7383045 8240
2256 7391285 3262
2257 7394547 632
2258 7395179 3711
2259 7398890 5178
2260 7404068 6964
2261 7411032 976
2262 7412008 2418
2263 7414426 4423
2264 7418849 3607
2265 7422456 2960
2266 7425416 5681
2267 7431097 5143
2268 7436240 7409
2269 7443649 1179
2270 7444828 3994
2271 7448822 1402
2272 7450224 7402
2273 7457626 3348
2274 7460974 4437
2275 7465411 4931
2276 7470342 2400
2277 7472742 6134
2278 7478876 2334
2279 7481210 1763
2280 7482973 15367
2281 7498340 9352
2282 7507692 5448
2283 7513140 1426
2284 7514566 5751
2285 7520317 1448
2286 7521765 6619
2287 7528384 4688
2288 7533072 4664
2289 7537736 9823
2290 7547559 1786
2291 7549345 3532
2292 7552877 15761
2293 7568638 9652
2294 7578290 3964
2295 7582254 7951
2296 7590205 13834
2297 7604039 3852
2298 7607891 14146
2299 7622037 5454
2300 7627491 481
2301 7627972 495
2302 7628467 507
2303 7628974 555
2304 7629529 525
2305 7630054 533
2306 7630587 557
2307 7631144 593
2308 7631737 541
2309 7632278 571
2310 7632849 547
2311 7633396 539
2312 7633935 555
2313 7634490 523
2314 7635013 591
2315 7635604 806
2316 7636410 3274
2317 7639684 811
2318 7640495 6261
2319 7646756 6403
2320 7653159 5781
2321 7658940 10792
2322 7669732 3837
2323 7673569 1628
2324 7675197 2193
2325 7677390 9628
2326 7687018 4356
2327 7691374 6429
2328 7697803 3092
2329 7700895 6142
2330 7707037 6123
2331 7713160 1737
2332 7714897 6516
2333 7721413 3319
2334 7724732 6754
2335 7731486 9078
2336 7740564 1469
2337 7742033 2954
2338 7744987 1819
2339 7746806 3395
2340 7750201 6347
2341 7756548 6469
2342 7763017 9744
2343 7772761 9785
2344 7782546 1225
2345 7783771 758
2346 7784529 1191
2347 7785720 3841
2348 7789561 713
2349 7790274 5571
2350 7795845 1436
2351 7797281 2825
2352 7800106 2356
2353 7802462 5572
2354 7808034 12262
2355 7820296 2641
2356 7822937 26130
2357 7849067 3755
2358 7852822 4080
2359 7856902 12475
2360 7869377 4446
2361 7873823 3936
2362 7877759 14696
2363 7892455 12318
2364 7904773 3720
2365 7908493 1681
2366 7910174 9147
2367 7919321 1848
2368 7921169 757
2369 7921926 3276
2370 7925202 2901
2371 7928103 5864
2372 7933967 9663
2373 7943630 4088
2374 7947718 1179
2375 7948897 1830
2376 7950727 5545
2377 7956272 4642
2378 7960914 4588
2379 7965502 4439
2380 7969941 1903
2381 7971844 4415
2382 7976259 3720
2383 7979979 6209
2384 7986188 4236
2385 7990424 1150
2386 7991574 779
2387 7992353 8889
2388 8001242 3999
2389 8005241 7052
2390 8012293 1557
2391 8013850 2523
2392 8016373 1132
2393 8017505 1070
2394 8018575 1061
2395 8019636 5372
2396 8025008 11044
2397 8036052 792
2398 8036844 711
2399 8037555 4063
2400 8041618 10135
2401 8051753 1354
2402 8053107 3155
2403 8056262 897
2404 8057159 728
2405 8057887 672
2406 8058559 1033
2407 8059592 771
2408 8060363 1798
2409 8062161 12344
2410 8074505 4372
2411 8078877 11237
2412 8090114 3656
2413 8093770 258
2414 8094028 220
2415 8094248 248
2416 8094496 220
2417 8094716 665
2418 8095381 699
2419 8096080 672
2420 8096752 717
2421 8097469 699
2422 8098168 675
2423 8098843 233
2424 8099076 645
2425 8099721 668
2426 8100389 731
2427 8101120 274
2428 8101394 220
2429 8101614 702
2430 8102316 214
2431 8102530 712
2432 8103242 682
2433 8103924 677
2434 8104601 680
2435 8105281 680
2436 8105961 680
2437 8106641 677
2438 8107318 671
2439 8107989 682
2440 8108671 686
2441 8109357 235
2442 8109592 698
2443 8110290 681
2444 8110971 668
2445 8111639 223
2446 8111862 674
2447 8112536 263
2448 8112799 727
2449 8113526 264
2450 8113790 670
2451 8114460 413
2452 8114873 235
2453 8115108 715
2454 8115823 700
2455 8116523 616
2456 8117139 683
2457 8117822 726
2458 8118548 679
2459 8119227 711
2460 8119938 696
2461 8120634 684
2462 8121318 704
2463 8122022 697
2464 8122719 707
2465 8123426 701
2466 8124127 260
2467 8124387 680
2468 8125067 678
2469 8125745 665
2470 8126410 699
2471 8127109 672
2472 8127781 720
2473 8128501 677
2474 8129178 673
2475 8129851 264
2476 8130115 598
2477 8130713 668
2478 8131381 254
2479 8131635 698
2480 8132333 683
2481 8133016 668
2482 8133684 269
2483 8133953 669
2484 8134622 222
2485 8134844 716
2486 8135560 668
2487 8136228 222
2488 8136450 240
2489 8136690 233
2490 8136923 260
2491 8137183 674
2492 8137857 702
2493 8138559 672
2494 8139231 715
2495 8139946 711
2496 8140657 678
2497 8141335 265
2498 8141600 598
2499 8142198 668
2500 8142866 251
2501 8143117 337
2502 8143454 354
2503 8143808 234
2504 8144042 698
2505 8144740 681
2506 8145421 260
2507 8145681 331
2508 8146012 353
2509 8146365 709
2510 8147074 222
2511 8147296 311
2512 8147607 668
2513 8148275 242
2514 8148517 676
2515 8149193 285
2516 8149478 703
2517 8150181 725
2518 8150906 677
2519 8151583 683
2520 8152266 678
2521 8152944 682
2522 8153626 231
2523 8153857 598
2524 8154455 702
2525 8155157 262
2526 8155419 244
2527 8155663 701
2528 8156364 680
2529 8157044 702
2530 8157746 254
2531 8158000 698
2532 8158698 236
2533 8158934 676
2534 8159610 240
2535 8159850 673
2536 8160523 702
2537 8161225 689
2538 8161914 722
2539 8162636 702
2540 8163338 712
2541 8164050 689
2542 8164739 716
2543 8165455 704
2544 8166159 702
2545 8166861 704
2546 8167565 698
2547 8168263 678
2548 8168941 248
2549 8169189 675
2550 8169864 664
2551 8170528 668
2552 8171196 671
2553 8171867 679
2554 8172546 687
2555 8173233 679
2556 8173912 702
2557 8174614 235
2558 8174849 644
2559 8175493 700
2560 8176193 242
2561 8176435 685
2562 8177120 667
2563 8177787 681
2564 8178468 702
2565 8179170 679
2566 8179849 681
2567 8180530 678
2568 8181208 264
2569 8181472 678
2570 8182150 709
2571 8182859 220
2572 8183079 687
2573 8183766 702
2574 8184468 710
2575 8185178 710
2576 8185888 221
2577 8186109 668
2578 8186777 259
2579 8187036 233
2580 8187269 239
2581 8187508 233
2582 8187741 661
2583 8188402 672
2584 8189074 679
2585 8189753 687
2586 8190440 680
2587 8191120 683
2588 8191803 234
2589 8192037 644
2590 8192681 702
2591 8193383 221
2592 8193604 671
2593 8194275 236
2594 8194511 682
2595 8195193 668
2596 8195861 702
2597 8196563 264
2598 8196827 675
2599 8197502 232
2600 8197734 685
2601 8198419 702
2602 8199121 259
2603 8199380 233
2604 8199613 214
2605 8199827 233
2606 8200060 662
2607 8200722 672
2608 8201394 680
2609 8202074 689
2610 8202763 681
2611 8203444 678
2612 8204122 234
2613 8204356 646
2614 8205002 700
2615 8205702 257
2616 8205959 684
2617 8206643 666
2618 8207309 702
2619 8208011 326
2620 8208337 676
2621 8209013 221
2622 8209234 685
2623 8209919 261
2624 8210180 750
2625 8210930 214
2626 8211144 687
2627 8211831 701
2628 8212532 236
2629 8212768 254
2630 8213022 236
2631 8213258 248
2632 8213506 236
2633 8213742 230
2634 8213972 236
2635 8214208 233
2636 8214441 248
2637 8214689 242
2638 8214931 663
2639 8215594 233
2640 8215827 643
2641 8216470 263
2642 8216733 679
2643 8217412 679
2644 8218091 665
2645 8218756 673
2646 8219429 680
2647 8220109 687
2648 8220796 680
2649 8221476 676
2650 8222152 231
2651 8222383 683
2652 8223066 668
2653 8223734 701
2654 8224435 701
2655 8225136 263
2656 8225399 673
2657 8226072 673
2658 8226745 241
2659 8226986 235
2660 8227221 215
2661 8227436 689
2662 8228125 701
2663 8228826 242
2664 8229068 214
2665 8229282 233
2666 8229515 258
2667 8229773 663
2668 8230436 676
2669 8231112 680
2670 8231792 689
2671 8232481 680
2672 8233161 677
2673 8233838 227
2674 8234065 643
2675 8234708 701
2676 8235409 247
2677 8235656 683
2678 8236339 664
2679 8237003 701
2680 8237704 273
2681 8237977 672
2682 8238649 254
2683 8238903 669
2684 8239572 221
2685 8239793 689
2686 8240482 701
2687 8241183 219
2688 8241402 671
2689 8242073 240
2690 8242313 226
2691 8242539 208
2692 8242747 258
2693 8243005 663
2694 8243668 674
2695 8244342 680
2696 8245022 691
2697 8245713 681
2698 8246394 678
2699 8247072 701
2700 8247773 233
2701 8248006 643
2702 8248649 735
2703 8249384 273
2704 8249657 253
2705 8249910 682
2706 8250592 668
2707 8251260 244
2708 8251504 235
2709 8251739 701
2710 8252440 231
2711 8252671 724
2712 8253395 261
2713 8253656 716
2714 8254372 281
2715 8254653 673
2716 8255326 235
2717 8255561 255
2718 8255816 689
2719 8256505 700
2720 8257205 717
2721 8257922 692
2722 8258614 709
2723 8259323 704
2724 8260027 708
2725 8260735 696
2726 8261431 711
2727 8262142 705
2728 8262847 709
2729 8263556 707
2730 8264263 683
2731 8264946 260
2732 8265206 679
2733 8265885 676
2734 8266561 665
2735 8267226 674
2736 8267900 675
2737 8268575 690
2738 8269265 680
2739 8269945 709
2740 8270654 221
2741 8270875 643
2742 8271518 238
2743 8271756 669
2744 8272425 701
2745 8273126 236
2746 8273362 690
2747 8274052 241
2748 8274293 683
2749 8274976 667
2750 8275643 704
2751 8276347 701
2752 8277048 263
2753 8277311 670
2754 8277981 221
2755 8278202 689
2756 8278891 701
2757 8279592 282
2758 8279874 208
2759 8280082 272
2760 8280354 208
2761 8280562 661
2762 8281223 673
2763 8281896 680
2764 8282576 693
2765 8283269 682
2766 8283951 684
2767 8284635 233
2768 8284868 645
2769 8285513 701
2770 8286214 239
2771 8286453 247
2772 8286700 682
2773 8287382 666
2774 8288048 701
2775 8288749 300
2776 8289049 223
2777 8289272 226
2778 8289498 251
2779 8289749 669
2780 8290418 221
2781 8290639 688
2782 8291327 701
2783 8292028 268
2784 8292296 275
2785 8292571 659
2786 8293230 227
2787 8293457 644
2788 8294101 208
2789 8294309 235
2790 8294544 215
2791 8294759 245
2792 8295004 683
2793 8295687 682
2794 8296369 681
2795 8297050 258
2796 8297308 663
2797 8297971 675
2798 8298646 680
2799 8299326 690
2800 8300016 680
2801 8300696 709
2802 8301405 702
2803 8302107 235
2804 8302342 683
2805 8303025 666
2806 8303691 702
2807 8304393 292
2808 8304685 732
2809 8305417 656
2810 8306073 244
2811 8306317 681
2812 8306998 285
2813 8307283 719
2814 8308002 263
2815 8308265 675
2816 8308940 221
2817 8309161 690
2818 8309851 230
2819 8310081 702
2820 8310783 232
2821 8311015 706
2822 8311721 703
2823 8312424 735
2824 8313159 715
2825 8313874 692
2826 8314566 694
2827 8315260 694
2828 8315954 706
2829 8316660 705
2830 8317365 734
2831 8318099 670
2832 8318769 260
2833 8319029 676
2834 8319705 680
2835 8320385 662
2836 8321047 674
2837 8321721 680
2838 8322401 690
2839 8323091 678
2840 8323769 734
2841 8324503 234
2842 8324737 645
2843 8325382 702
2844 8326084 235
2845 8326319 684
2846 8327003 665
2847 8327668 702
2848 8328370 284
2849 8328654 283
2850 8328937 678
2851 8329615 240
2852 8329855 686
2853 8330541 702
2854 8331243 698
2855 8331941 257
2856 8332198 260
2857 8332458 272
2858 8332730 266
2859 8332996 260
2860 8333256 661
2861 8333917 675
2862 8334592 675
2863 8335267 687
2864 8335954 684
2865 8336638 696
2866 8337334 240
2867 8337574 644
2868 8338218 702
2869 8338920 692
2870 8339612 250
2871 8339862 682
2872 8340544 664
2873 8341208 702
2874 8341910 250
2875 8342160 233
2876 8342393 311
2877 8342704 686
2878 8343390 255
2879 8343645 703
2880 8344348 702
2881 8345050 246
2882 8345296 645
2883 8345941 273
2884 8346214 704
2885 8346918 702
2886 8347620 229
2887 8347849 687
2888 8348536 664
2889 8349200 702
2890 8349902 243
2891 8350145 682
2892 8350827 280
2893 8351107 667
2894 8351774 234
2895 8352008 669
2896 8352677 702
2897 8353379 238
2898 8353617 244
2899 8353861 232
2900 8354093 277
2901 8354370 680
2902 8355050 739
2903 8355789 684
2904 8356473 700
2905 8357173 714
2906 8357887 700
2907 8358587 683
2908 8359270 702
2909 8359972 706
2910 8360678 691
2911 8361369 704
2912 8362073 701
2913 8362774 5042
2914 8367816 6587
2915 8374403 4764
2916 8379167 4282
2917 8383449 3650
2918 8387099 3097
2919 8390196 4148
2920 8394344 8692
2921 8403036 4083
2922 8407119 7579
2923 8414698 38615
2924 8453313 5487
2925 8458800 17919
2926 8476719 5338
2927 8482057 2816
2928 8484873 10588
2929 8495461 3830
2930 8499291 4775
2931 8504066 5455
2932 8509521 4873
2933 8514394 5293
2934 8519687 6773
2935 8526460 6532
2936 8532992 4726
2937 8537718 4197
2938 8541915 9000
2939 8550915 8452
2940 8559367 5530
2941 8564897 4319
2942 8569216 7491
2943 8576707 7952
2944 8584659 5695
2945 8590354 5405
2946 8595759 4512
2947 8600271 5007
2948 8605278 4365
2949 8609643 4417
2950 8614060 5393
2951 8619453 1304
2952 8620757 4056
2953 8624813 19919
2954 8644732 3756
2955 8648488 6380
2956 8654868 4725
2957 8659593 2861
2958 8662454 3528
2959 8665982 3961
2960 8669943 3515
2961 8673458 4324
2962 8677782 11963
2963 8689745 4291
2964 8694036 8266
2965 8702302 7910
2966 8710212 8050
2967 8718262 7357
2968 8725619 1676
2969 8727295 5299
2970 8732594 16496
2971 8749090 4651
2972 8753741 9496
2973 8763237 5356
2974 8768593 4244
2975 8772837 4833
2976 8777670 4078
2977 8781748 10556
2978 8792304 5602
2979 8797906 4160
2980 8802066 3210
2981 8805276 3793
2982 8809069 3968
2983 8813037 3360
2984 8816397 3465
2985 8819862 18478
2986 8838340 4855
2987 8843195 5411
2988 8848606 3446
2989 8852052 11514
2990 8863566 7924
2991 8871490 19586
2992 8891076 5502
2993 8896578 1277
2994 8897855 2174
2995 8900029 2918
2996 8902947 3713
2997 8906660 19401
2998 8926061 19824
2999 8945885 4399
3000 8950284 4345
3001 8954629 3569
3002 8958198 12612
3003 8970810 6832
3004 8977642 25834
3005 9003476 11275
3006 9014751 7142
3007 9021893 1598
3008 9023491 5995
3009 9029486 6399
3010 9035885 23638
3011 9059523 1614
3012 9061137 2857
3013 9063994 3278
3014 9067272 3781
3015 9071053 4294
3016 9075347 3651
3017 9078998 14651
3018 9093649 3098
3019 9096747 4866
3020 9101613 4149
3021 9105762 2667
3022 9108429 2770
3023 9111199 3616
3024 9114815 3514
3025 9118329 19841
3026 9138170 4044
3027 9142214 1298
3028 9143512 4218
3029 9147730 3720
3030 9151450 5393
3031 9156843 4365
3032 9161208 3839
3033 9165047 4417
3034 9169464 3114
3035 9172578 1734
3036 9174312 4349
3037 9178661 3781
3038 9182442 3223
3039 9185665 4042
3040 9189707 4204
3041 9193911 3588
3042 9197499 3688
3043 9201187 3850
3044 9205037 4049
3045 9209086 3516
3046 9212602 4355
3047 9216957 10556
3048 9227513 3808
3049 9231321 4764
3050 9236085 3548
3051 9239633 4066
3052 9243699 4821
3053 9248520 4230
3054 9252750 3996
3055 9256746 3523
3056 9260269 2890
3057 9263159 3135
3058 9266294 3177
3059 9269471 4106
3060 9273577 3312
3061 9276889 19401
3062 9296290 4399
3063 9300689 3452
3064 9304141 1598
3065 9305739 3498
3066 9309237 3560
3067 9312797 19586
3068 9332383 4718
3069 9337101 1555
3070 9338656 3458
3071 9342114 4893
3072 9347007 4191
3073 9351198 3387
3074 9354585 1271
3075 9355856 3498
3076 9359354 5490
3077 9364844 3820
3078 9368664 5110
3079 9373774 3216
3080 9376990 3334
3081 9380324 3683
3082 9384007 3775
3083 9387782 3525
3084 9391307 2781
3085 9394088 3283
3086 9397371 3691
3087 9401062 3240
3088 9404302 3595
3089 9407897 18984
3090 9426881 4561
3091 9431442 3826
3092 9435268 3666
3093 9438934 1639
3094 9440573 4374
3095 9444947 1283
3096 9446230 977
3097 9447207 3005
3098 9450212 4116
3099 9454328 3594
3100 9457922 2893
3101 9460815 3573
3102 9464388 2657
3103 9467045 1154
3104 9468199 4267
3105 9472466 19859
3106 9492325 3872
3107 9496197 4867
3108 9501064 3374
3109 9504438 4860
3110 9509298 3360
3111 9512658 3320
3112 9515978 3692
3113 9519670 236
3114 9519906 236
3115 9520142 257
3116 9520399 248
3117 9520647 221
3118 9520868 262
3119 9521130 261
3120 9521391 261
3121 9521652 260
3122 9521912 263
3123 9522175 254
3124 9522429 236
3125 9522665 219
3126 9522884 224
3127 9523108 246
3128 9523354 243
3129 9523597 265
3130 9523862 240
3131 9524102 221
3132 9524323 227
3133 9524550 242
3134 9524792 236
3135 9525028 256
3136 9525284 257
3137 9525541 261
3138 9525802 257
3139 9526059 221
3140 9526280 249
3141 9526529 263
3142 9526792 243
3143 9527035 261
3144 9527296 236
3145 9527532 255
3146 9527787 260
3147 9528047 257
3148 9528304 264
3149 9528568 240
3150 9528808 267
3151 9529075 259
3152 9529334 262
3153 9529596 263
3154 9529859 257
3155 9530116 255
3156 9530371 250
3157 9530621 242
3158 9530863 227
3159 9531090 262
3160 9531352 254
3161 9531606 230
3162 9531836 215
3163 9532051 7446
3164 9539497 1339
3165 9540836 1117
3166 9541953 9119
3167 9551072 11266
3168 9562338 9293
3169 9571631 16044
3170 9587675 8795
3171 9596470 8487
3172 9604957 7422
3173 9612379 11300
3174 9623679 19546
3175 9643225 13596
3176 9656821 5524
3177 9662345 532
3178 9662877 872
3179 9663749 3236
3180 9666985 7382
3181 9674367 579
3182 9674946 1577
3183 9676523 3499
3184 9680022 2143
3185 9682165 9209
3186 9691374 8063
3187 9699437 8606
3188 9708043 4731
3189 9712774 2729
3190 9715503 4123
3191 9719626 5120
3192 9724746 7192
3193 9731938 3447
3194 9735385 2874
3195 9738259 719
3196 9738978 1092
3197 9740070 1680
3198 9741750 6718
3199 9748468 1388
3200 9749856 11491
3201 9761347 6388
3202 9767735 4479
3203 9772214 25846
3204 9798060 3790
3205 9801850 5183
3206 9807033 8446
3207 9815479 9813
3208 9825292 4673
3209 9829965 6413
3210 9836378 9639
3211 9846017 12887
3212 9858904 4732
3213 9863636 11000
3214 9874636 6314
3215 9880950 5151
3216 9886101 1797
3217 9887898 3856
3218 9891754 4807
3219 9896561 3750
3220 9900311 10758
3221 9911069 9885
3222 9920954 6890
3223 9927844 6151
3224 9933995 6629
3225 9940624 5847
3226 9946471 4140
3227 9950611 3949
3228 9954560 3545
3229 9958105 3884
3230 9961989 3374
3231 9965363 12318
3232 9977681 12885
3233 9990566 4271
3234 9994837 2903
3235 9997740 5614
3236 10003354 15960
3237 10019314 4335
3238 10023649 759
3239 10024408 1244
3240 10025652 4452
3241 10030104 4426
3242 10034530 2131
3243 10036661 13080
3244 10049741 6749
3245 10056490 8876
3246 10065366 7789
3247 10073155 10740
3248 10083895 254
3249 10084149 7047
3250 10091196 8990
3251 10100186 2384
3252 10102570 8206
3253 10110776 8338
3254 10119114 3939
3255 10123053 5799
3256 10128852 10310
3257 10139162 2589
3258 10141751 13786
3259 10155537 4729
3260 10160266 571
3261 10160837 1575
3262 10162412 3130
3263 10165542 1998
3264 10167540 1604
3265 10169144 2603
3266 10171747 2050
3267 10173797 3795
3268 10177592 985
3269 10178577 1250
3270 10179827 1969
3271 10181796 1481
3272 10183277 3854
3273 10187131 5761
3274 10192892 2283
3275 10195175 2945
3276 10198120 1547
3277 10199667 5793
3278 10205460 2701
3279 10208161 1330
3280 10209491 1308
3281 10210799 1377
3282 10212176 7998
3283 10220174 1755
3284 10221929 2873
3285 10224802 1285
3286 10226087 1473
3287 10227560 5167
3288 10232727 3084
3289 10235811 1339
3290 10237150 2831
3291 10239981 1486
3292 10241467 972
3293 10242439 2818
3294 10245257 1537
3295 10246794 950
3296 10247744 3043
3297 10250787 1265
3298 10252052 8822
3299 10260874 2651
3300 10263525 1667
3301 10265192 2277
3302 10267469 2033
3303 10269502 6296
3304 10275798 2121
3305 10277919 1609
3306 10279528 3190
3307 10282718 4102
3308 10286820 2726
3309 10289546 2925
3310 10292471 1079
3311 10293550 1461
3312 10295011 5548
3313 10300559 1689
3314 10302248 3661
3315 10305909 2123
3316 10308032 5851
3317 10313883 6823
3318 10320706 1263
3319 10321969 1562
3320 10323531 399
3321 10323930 2241
3322 10326171 1784
3323 10327955 2988
3324 10330943 1262
3325 10332205 2002
3326 10334207 964
3327 10335171 1910
3328 10337081 3009
3329 10340090 6928
3330 10347018 2703
3331 10349721 1605
3332 10351326 1810
3333 10353136 1747
3334 10354883 1002
3335 10355885 9001
3336 10364886 5652
3337 10370538 5710
3338 10376248 5527
3339 10381775 6784
3340 10388559 2115
3341 10390674 19498
3342 10410172 7722
3343 10417894 1861
3344 10419755 1279
3345 10421034 3077
3346 10424111 1899
3347 10426010 2734
3348 10428744 4216
3349 10432960 1454
3350 10434414 636
3351 10435050 6613
3352 10441663 2457
3353 10444120 1870
3354 10445990 3388
3355 10449378 1930
3356 10451308 13800
3357 10465108 583
3358 10465691 1681
3359 10467372 3072
3360 10470444 2409
3361 10472853 2873
3362 10475726 18415
3363 10494141 9703
3364 10503844 2070
3365 10505914 1904
3366 10507818 2696
3367 10510514 3238
3368 10513752 9589
3369 10523341 3513
3370 10526854 8429
3371 10535283 2188
3372 10537471 1777
3373 10539248 1116
3374 10540364 1529
3375 10541893 1106
3376 10542999 1419
3377 10544418 5411
3378 10549829 5043
3379 10554872 2202
3380 10557074 1789
3381 10558863 4067
3382 10562930 2370
3383 10565300 2307
3384 10567607 7721
3385 10575328 1366
3386 10576694 1525
3387 10578219 4330
3388 10582549 1314
3389 10583863 1282
3390 10585145 1459
3391 10586604 1736
3392 10588340 5234
3393 10593574 2573
3394 10596147 1423
3395 10597570 3232
3396 10600802 10981
3397 10611783 3879
3398 10615662 9626
3399 10625288 3835
3400 10629123 1616
3401 10630739 2163
3402 10632902 7082
3403 10639984 1914
3404 10641898 7412
3405 10649310 3436
3406 10652746 1969
3407 10654715 12937
3408 10667652 5301
3409 10672953 4726
3410 10677679 1425
3411 10679104 2523
3412 10681627 2370
3413 10683997 2202
3414 10686199 3655
3415 10689854 1429
3416 10691283 11094
3417 10702377 1218
3418 10703595 720
3419 10704315 4808
3420 10709123 2089
3421 10711212 1343
3422 10712555 950
3423 10713505 7461
3424 10720966 3164
3425 10724130 1943
3426 10726073 2926
3427 10728999 1019
3428 10730018 1369
3429 10731387 1404
3430 10732791 576
3431 10733367 4020
3432 10737387 4669
3433 10742056 5006
3434 10747062 3293
3435 10750355 2259
3436 10752614 908
3437 10753522 834
3438 10754356 1293
3439 10755649 5733
3440 10761382 1639
3441 10763021 816
3442 10763837 1733
3443 10765570 13027
3444 10778597 602
3445 10779199 1890
3446 10781089 2520
3447 10783609 2371
3448 10785980 2736
3449 10788716 1698
3450 10790414 670
3451 10791084 2209
3452 10793293 2245
3453 10795538 2249
3454 10797787 2372
3455 10800159 2184
3456 10802343 530
3457 10802873 2477
3458 10805350 1282
3459 10806632 3150
3460 10809782 1608
3461 10811390 755
3462 10812145 1093
3463 10813238 3805
3464 10817043 2473
3465 10819516 2098
3466 10821614 2568
3467 10824182 3494
3468 10827676 2520
3469 10830196 2575
3470 10832771 20324
3471 10853095 8455
3472 10861550 4428
3473 10865978 4532
3474 10870510 4201
3475 10874711 1591
3476 10876302 4543
3477 10880845 1421
3478 10882266 1239
3479 10883505 1537
3480 10885042 7485
3481 10892527 2237
3482 10894764 18084
3483 10912848 8937
3484 10921785 5734
3485 10927519 4082
3486 10931601 3619
3487 10935220 2111
3488 10937331 16431
3489 10953762 4518
3490 10958280 1211
3491 10959491 1985
3492 10961476 1411
3493 10962887 8234
3494 10971121 5230
3495 10976351 6902
3496 10983253 1987
3497 10985240 8263
3498 10993503 7620
3499 11001123 8564
3500 11009687 5036
3501 11014723 6803
3502 11021526 15150
3503 11036676 7600
3504 11044276 5140
3505 11049416 1428
3506 11050844 1629
3507 11052473 2211
3508 11054684 1405
3509 11056089 876
3510 11056965 6430
3511 11063395 2191
3512 11065586 8356
3513 11073942 4282
3514 11078224 1935
3515 11080159 5296
3516 11085455 5528
3517 11090983 9175
3518 11100158 4751
3519 11104909 9584
3520 11114493 3831
3521 11118324 1132
3522 11119456 1484
3523 11120940 1417
3524 11122357 9138
3525 11131495 355
3526 11131850 1787
3527 11133637 827
3528 11134464 1514
3529 11135978 12612
3530 11148590 8092
3531 11156682 4137
3532 11160819 5059
3533 11165878 4522
3534 11170400 8999
3535 11179399 2276
3536 11181675 5423
3537 11187098 2984
3538 11190082 3169
3539 11193251 1740
3540 11194991 8150
3541 11203141 3748
3542 11206889 14230
3543 11221119 3341
3544 11224460 3935
3545 11228395 4371
3546 11232766 11651
3547 11244417 988
3548 11245405 8062
3549 11253467 6324
3550 11259791 840
3551 11260631 5740
3552 11266371 15758
3553 11282129 974
3554 11283103 6123
3555 11289226 735
3556 11289961 5319
3557 11295280 8120
3558 11303400 1499
3559 11304899 4421
3560 11309320 759
3561 11310079 8971
3562 11319050 1418
3563 11320468 5361
3564 11325829 1355
3565 11327184 14647
3566 11341831 1147
3567 11342978 1368
3568 11344346 5286
3569 11349632 2553
3570 11352185 3140
3571 11355325 6925
3572 11362250 6257
3573 11368507 9255
3574 11377762 11748
3575 11389510 2124
3576 11391634 6553
3577 11398187 5868
3578 11404055 10081
3579 11414136 7759
3580 11421895 240
3581 11422135 276
3582 11422411 301
3583 11422712 228
3584 11422940 262
3585 11423202 240
3586 11423442 285
3587 11423727 6029
3588 11429756 1274
3589 11431030 4986
3590 11436016 10033
3591 11446049 5555
3592 11451604 3088
3593 11454692 2041
3594 11456733 2005
3595 11458738 2368
3596 11461106 1871
3597 11462977 1465
3598 11464442 1545
3599 11465987 1610
3600 11467597 1684
3601 11469281 3506
3602 11472787 2596
3603 11475383 15324
3604 11490707 3352
3605 11494059 8019
3606 11502078 3725
3607 11505803 3475
3608 11509278 6201
3609 11515479 2601
3610 11518080 3735
3611 11521815 2806
3612 11524621 9412
3613 11534033 1429
3614 11535462 226
3615 11535688 1977
3616 11537665 5022
3617 11542687 1447
3618 11544134 1743
3619 11545877 1881
3620 11547758 2921
3621 11550679 8214
3622 11558893 7565
3623 11566458 3536
3624 11569994 9796
3625 11579790 1690
3626 11581480 997
3627 11582477 1700
3628 11584177 4178
3629 11588355 3807
3630 11592162 1070
3631 11593232 15138
3632 11608370 4178
3633 11612548 6555
3634 11619103 3532
3635 11622635 3543
3636 11626178 1261
3637 11627439 4838
3638 11632277 807
3639 11633084 544
3640 11633628 7836
3641 11641464 2904
3642 11644368 3674
3643 11648042 2780
3644 11650822 1258
3645 11652080 1038
3646 11653118 2190
3647 11655308 285
3648 11655593 240
3649 11655833 295
3650 11656128 11908
3651 11668036 5402
3652 11673438 5945
3653 11679383 1811
3654 11681194 1095
3655 11682289 22716
3656 11705005 1552
3657 11706557 6666
3658 11713223 6459
3659 11719682 9623
3660 11729305 1675
3661 11730980 3821
3662 11734801 2145
3663 11736946 6405
3664 11743351 3633
3665 11746984 6910
3666 11753894 10232
3667 11764126 2228
3668 11766354 3725
3669 11770079 2386
3670 11772465 3758
3671 11776223 2997
3672 11779220 3824
3673 11783044 1672
3674 11784716 10189
3675 11794905 2194
3676 11797099 5037
3677 11802136 2470
3678 11804606 1564
3679 11806170 8008
3680 11814178 6845
3681 11821023 4503
3682 11825526 9668
3683 11835194 6463
3684 11841657 5788
3685 11847445 2928
3686 11850373 5733
3687 11856106 10498
3688 11866604 4366
3689 11870970 6216
3690 11877186 4690
3691 11881876 2327
3692 11884203 3482
3693 11887685 8957
3694 11896642 1858
3695 11898500 5793
3696 11904293 4100
3697 11908393 4105
3698 11912498 2663
3699 11915161 419
3700 11915580 1908
3701 11917488 7455
3702 11924943 4501
3703 11929444 2481
3704 11931925 1791
3705 11933716 3139
3706 11936855 3578
3707 11940433 2844
3708 11943277 5291
3709 11948568 1228
3710 11949796 1214
3711 11951010 3166
3712 11954176 7673
3713 11961849 7706
3714 11969555 1241
3715 11970796 6088
3716 11976884 1744
3717 11978628 2381
3718 11981009 4890
3719 11985899 1775
3720 11987674 3409
3721 11991083 1979
3722 11993062 1223
3723 11994285 2693
3724 11996978 722
3725 11997700 2852
3726 12000552 5262
3727 12005814 237
3728 12006051 1708
3729 12007759 2886
3730 12010645 4214
3731 12014859 1303
3732 12016162 1163
3733 12017325 1670
3734 12018995 1234
3735 12020229 1714
3736 12021943 876
3737 12022819 917
3738 12023736 3879
3739 12027615 882
3740 12028497 3166
3741 12031663 7897
3742 12039560 2599
3743 12042159 1558
3744 12043717 3213
3745 12046930 1210
3746 12048140 2751
3747 12050891 2403
3748 12053294 1398
3749 12054692 1081
3750 12055773 3724
3751 12059497 3124
3752 12062621 1516
3753 12064137 8381
3754 12072518 1515
3755 12074033 2108
3756 12076141 1008
3757 12077149 1718
3758 12078867 1677
3759 12080544 966
3760 12081510 2479
3761 12083989 9698
3762 12093687 4011
3763 12097698 8546
3764 12106244 4265
3765 12110509 3266
3766 12113775 12898
3767 12126673 4615
3768 12131288 2412
3769 12133700 2468
3770 12136168 700
3771 12136868 1417
3772 12138285 10123
3773 12148408 21802
3774 12170210 912
3775 12171122 3554
3776 12174676 3875
3777 12178551 1463
3778 12180014 1108
3779 12181122 5800
3780 12186922 1253
3781 12188175 951
3782 12189126 10861
3783 12199987 1396
3784 12201383 17766
3785 12219149 9514
3786 12228663 2884
3787 12231547 4011
3788 12235558 1396
3789 12236954 4639
3790 12241593 5996
3791 12247589 1100
3792 12248689 918
3793 12249607 2342
3794 12251949 8206
3795 12260155 3295
3796 12263450 1882
3797 12265332 570
3798 12265902 1588
3799 12267490 2316
3800 12269806 3848
3801 12273654 5974
3802 12279628 1370
3803 12280998 3208
3804 12284206 1280
3805 12285486 1354
3806 12286840 1144
3807 12287984 5576
3808 12293560 970
3809 12294530 4404
3810 12298934 383
3811 12299317 8915
3812 12308232 3630
3813 12311862 1646
3814 12313508 1378
3815 12314886 6435
3816 12321321 4112
3817 12325433 1290
3818 12326723 2983
3819 12329706 2696
3820 12332402 1819
3821 12334221 4150
3822 12338371 12856
3823 12351227 1514
3824 12352741 4069
3825 12356810 3619
3826 12360429 1404
3827 12361833 1127
3828 12362960 3998
3829 12366958 6912
3830 12373870 12978
3831 12386848 1623
3832 12388471 1557
3833 12390028 1492
3834 12391520 2470
3835 12393990 2197
3836 12396187 1786
3837 12397973 1803
3838 12399776 1194
3839 12400970 1675
3840 12402645 844
3841 12403489 7060
3842 12410549 8167
3843 12418716 1516
3844 12420232 1122
3845 12421354 4706
3846 12426060 2461
3847 12428521 1204
3848 12429725 6473
3849 12436198 1809
3850 12438007 7590
3851 12445597 2204
3852 12447801 6427
3853 12454228 4030
3854 12458258 1430
3855 12459688 8370
3856 12468058 6931
3857 12474989 9566
3858 12484555 3679
3859 12488234 2262
3860 12490496 3428
3861 12493924 4765
3862 12498689 1718
3863 12500407 3731
3864 12504138 2050
3865 12506188 3266
3866 12509454 2911
3867 12512365 7627
3868 12519992 460
3869 12520452 562
3870 12521014 11310
3871 12532324 4541
3872 12536865 3726
3873 12540591 9076
3874 12549667 3457
3875 12553124 2101
3876 12555225 2051
3877 12557276 7181
3878 12564457 6514
3879 12570971 3740
3880 12574711 2296
3881 12577007 15019
3882 12592026 6464
3883 12598490 1378
3884 12599868 2025
3885 12601893 2987
3886 12604880 2634
3887 12607514 2186
3888 12609700 1638
3889 12611338 790
3890 12612128 1440
3891 12613568 784
3892 12614352 436
3893 12614788 4037
3894 12618825 3974
3895 12622799 3112
3896 12625911 4214
3897 12630125 7657
3898 12637782 5487
3899 12643269 1405
3900 12644674 5376
3901 12650050 1222
3902 12651272 978
3903 12652250 1908
3904 12654158 2469
3905 12656627 5546
3906 12662173 2560
3907 12664733 8150
3908 12672883 2520
3909 12675403 965
3910 12676368 896
3911 12677264 1692
3912 12678956 2288
3913 12681244 7336
3914 12688580 1690
3915 12690270 4818
3916 12695088 2502
3917 12697590 3687
3918 12701277 2742
3919 12704019 7018
3920 12711037 2353
3921 12713390 3072
3922 12716462 4654
3923 12721116 2572
3924 12723688 2934
3925 12726622 1955
3926 12728577 1324
3927 12729901 4787
3928 12734688 1684
3929 12736372 1053
3930 12737425 1652
3931 12739077 1850
3932 12740927 4659
3933 12745586 1723
3934 12747309 2735
3935 12750044 9399
3936 12759443 1927
3937 12761370 2684
3938 12764054 9140
3939 12773194 3601
3940 12776795 6208
3941 12783003 3419
3942 12786422 3006
3943 12789428 7932
3944 12797360 1784
3945 12799144 2251
3946 12801395 1697
3947 12803092 1013
3948 12804105 2438
3949 12806543 1729
3950 12808272 1831
3951 12810103 15129
3952 12825232 7437
3953 12832669 3193
3954 12835862 1725
3955 12837587 1461
3956 12839048 7738
3957 12846786 2042
3958 12848828 2164
3959 12850992 1834
3960 12852826 1736
3961 12854562 2127
3962 12856689 1207
3963 12857896 1079
3964 12858975 1135
3965 12860110 6739
3966 12866849 2210
3967 12869059 1981
3968 12871040 6739
3969 12877779 6256
3970 12884035 3677
3971 12887712 680
3972 12888392 1886
3973 12890278 3130
3974 12893408 1307
3975 12894715 2350
3976 12897065 1162
3977 12898227 3529
3978 12901756 4161
3979 12905917 4377
3980 12910294 6337
3981 12916631 3804
3982 12920435 761
3983 12921196 4326
3984 12925522 4130
3985 12929652 586
3986 12930238 1048
3987 12931286 1633
3988 12932919 3704
3989 12936623 3638
3990 12940261 4853
3991 12945114 2747
3992 12947861 2128
3993 12949989 3180
3994 12953169 851
3995 12954020 7231
3996 12961251 996
3997 12962247 3197
3998 12965444 2434
3999 12967878 2723
4000 12970601 3455
4001 12974056 2599
4002 12976655 4120
4003 12980775 2091
4004 12982866 1911
4005 12984777 4485
4006 12989262 1472
4007 12990734 4474
4008 12995208 3931
4009 12999139 5730
4010 13004869 6714
4011 13011583 4580
4012 13016163 1850
4013 13018013 1319
4014 13019332 2898
4015 13022230 6493
4016 13028723 2588
4017 13031311 3497
4018 13034808 2762
4019 13037570 2326
4020 13039896 10549
4021 13050445 813
4022 13051258 9165
4023 13060423 6863
4024 13067286 2254
4025 13069540 2570
4026 13072110 2440
4027 13074550 2419
4028 13076969 1396
4029 13078365 1185
4030 13079550 2995
4031 13082545 10221
4032 13092766 1326
4033 13094092 4018
4034 13098110 1174
4035 13099284 506
4036 13099790 10845
4037 13110635 1885
4038 13112520 3413
4039 13115933 3392
4040 13119325 3632
4041 13122957 9742
4042 13132699 2234
4043 13134933 1161
4044 13136094 830
4045 13136924 1104
4046 13138028 1882
4047 13139910 8571
4048 13148481 3505
4049 13151986 6395
4050 13158381 4864
4051 13163245 5660
4052 13168905 1756
4053 13170661 5410
4054 13176071 1741
4055 13177812 1760
4056 13179572 6852
4057 13186424 2834
4058 13189258 1546
4059 13190804 2116
4060 13192920 2630
4061 13195550 2627
4062 13198177 3830
4063 13202007 2725
4064 13204732 2793
4065 13207525 1965
4066 13209490 2484
4067 13211974 7210
4068 13219184 1602
4069 13220786 1193
4070 13221979 1193
4071 13223172 1185
4072 13224357 1193
4073 13225550 1193
4074 13226743 1193
4075 13227936 1193
4076 13229129 1193
4077 13230322 1193
4078 13231515 836
4079 13232351 1168
4080 13233519 8128
4081 13241647 5594
4082 13247241 1368
4083 13248609 2052
4084 13250661 4803
4085 13255464 6833
4086 13262297 8234
4087 13270531 3964
4088 13274495 5538
4089 13280033 1292
4090 13281325 8904
4091 13290229 6064
4092 13296293 2108
4093 13298401 4503
4094 13302904 1990
4095 13304894 9352
4096 13314246 2448
4097 13316694 1316
4098 13318010 2969
4099 13320979 2203
4100 13323182 3060
4101 13326242 986
4102 13327228 3816
4103 13331044 2642
4104 13333686 1560
4105 13335246 3455
4106 13338701 1702
4107 13340403 6420
4108 13346823 2514
4109 13349337 2201
4110 13351538 5120
4111 13356658 8616
4112 13365274 5238
4113 13370512 1136
4114 13371648 1348
4115 13372996 1511
4116 13374507 2514
4117 13377021 2410
4118 13379431 1868
4119 13381299 3551
4120 13384850 2468
4121 13387318 3975
4122 13391293 3803
4123 13395096 485
4124 13395581 13435
4125 13409016 9652
4126 13418668 2510
4127 13421178 2132
4128 13423310 2480
4129 13425790 2704
4130 13428494 6431
4131 13434925 8046
4132 13442971 5278
4133 13448249 5996
4134 13454245 4608
4135 13458853 2544
4136 13461397 2532
4137 13463929 7463
4138 13471392 8560
4139 13479952 5454
4140 13485406 692
4141 13486098 2843
4142 13488941 3294
4143 13492235 1183
4144 13493418 1826
4145 13495244 1969
4146 13497213 685
4147 13497898 526
4148 13498424 649
4149 13499073 2621
4150 13501694 2563
4151 13504257 1966
4152 13506223 5818
4153 13512041 2081
4154 13514122 3869
4155 13517991 8182
4156 13526173 4236
4157 13530409 2432
4158 13532841 1622
4159 13534463 3057
4160 13537520 1824
4161 13539344 8355
4162 13547699 1744
4163 13549443 517
4164 13549960 3208
4165 13553168 2156
4166 13555324 10239
4167 13565563 1172
4168 13566735 1388
4169 13568123 5227
4170 13573350 2578
4171 13575928 6700
4172 13582628 7871
4173 13590499 1463
4174 13591962 1817
4175 13593779 2291
4176 13596070 3459
4177 13599529 2003
4178 13601532 2147
4179 13603679 6091
4180 13609770 2121
4181 13611891 1502
4182 13613393 1152
4183 13614545 3223
4184 13617768 6360
4185 13624128 2029
4186 13626157 2437
4187 13628594 2654
4188 13631248 2658
4189 13633906 3648
4190 13637554 1458
4191 13639012 8541
4192 13647553 3955
4193 13651508 1525
4194 13653033 10491
4195 13663524 4145
4196 13667669 7248
4197 13674917 10081
4198 13684998 3405
4199 13688403 6541
4200 13694944 4418
4201 13699362 4707
4202 13704069 3039
4203 13707108 1366
4204 13708474 3119
4205 13711593 2002
4206 13713595 1715
4207 13715310 1761
4208 13717071 3399
4209 13720470 2110
4210 13722580 2175
4211 13724755 1029
4212 13725784 1939
4213 13727723 4003
4214 13731726 2244
4215 13733970 5444
4216 13739414 1790
4217 13741204 1942
4218 13743146 2590
4219 13745736 2240
4220 13747976 2425
4221 13750401 2232
4222 13752633 1839
4223 13754472 2429
4224 13756901 6064
4225 13762965 5000
4226 13767965 1674
4227 13769639 13721
4228 13783360 5418
4229 13788778 1022
4230 13789800 14551
4231 13804351 1900
4232 13806251 1651
4233 13807902 1141
4234 13809043 1563
4235 13810606 1810
4236 13812416 6124
4237 13818540 3034
4238 13821574 3124
4239 13824698 2432
4240 13827130 2000
4241 13829130 2896
4242 13832026 5449
4243 13837475 15438
4244 13852913 7285
4245 13860198 3401
4246 13863599 3280
4247 13866879 2586
4248 13869465 3006
4249 13872471 1388
4250 13873859 2343
4251 13876202 5319
4252 13881521 1657
4253 13883178 1342
4254 13884520 1750
4255 13886270 2036
4256 13888306 2110
4257 13890416 2649
4258 13893065 2074
4259 13895139 1541
4260 13896680 1535
4261 13898215 1440
4262 13899655 2536
4263 13902191 2859
4264 13905050 2748
4265 13907798 1292
4266 13909090 1148
4267 13910238 903
4268 13911141 1023
4269 13912164 1038
4270 13913202 2402
4271 13915604 1786
4272 13917390 1195
4273 13918585 945
4274 13919530 1176
4275 13920706 1400
4276 13922106 1041
4277 13923147 1992
4278 13925139 2668
4279 13927807 1318
4280 13929125 2785
4281 13931910 2861
4282 13934771 3042
4283 13937813 1105
4284 13938918 3670
4285 13942588 2588
4286 13945176 4339
4287 13949515 3375
4288 13952890 5926
4289 13958816 3344
4290 13962160 965
4291 13963125 2372
4292 13965497 4672
4293 13970169 2357
4294 13972526 839
4295 13973365 5850
4296 13979215 1279
4297 13980494 6060
4298 13986554 919
4299 13987473 1663
4300 13989136 918
4301 13990054 3319
4302 13993373 6462
4303 13999835 871
4304 14000706 3465
4305 14004171 4082
4306 14008253 1292
4307 14009545 1126
4308 14010671 1847
4309 14012518 1580
4310 14014098 2542
4311 14016640 2541
4312 14019181 1793
4313 14020974 1424
4314 14022398 2955
4315 14025353 2482
4316 14027835 1613
4317 14029448 1906
4318 14031354 1126
4319 14032480 996
4320 14033476 3409
4321 14036885 2003
4322 14038888 1974
4323 14040862 2269
4324 14043131 1999
4325 14045130 3169
4326 14048299 1839
4327 14050138 3242
4328 14053380 3846
4329 14057226 562
4330 14057788 1150
4331 14058938 855
4332 14059793 2613
4333 14062406 1102
4334 14063508 2325
4335 14065833 1907
4336 14067740 1469
4337 14069209 769
4338 14069978 1722
4339 14071700 2583
4340 14074283 1611
4341 14075894 2331
4342 14078225 2434
4343 14080659 2294
4344 14082953 1112
4345 14084065 2565
4346 14086630 1471
4347 14088101 4231
4348 14092332 2154
4349 14094486 1835
4350 14096321 2294
4351 14098615 4258
4352 14102873 582
4353 14103455 875
4354 14104330 2609
4355 14106939 4284
4356 14111223 3603
4357 14114826 949
4358 14115775 4125
4359 14119900 3559
4360 14123459 1266
4361 14124725 2440
4362 14127165 2699
