0 0 372315
1 372315 419151
2 791466 283201
3 1074667 569785
4 1644452 425889
5 2070341 456074
6 2526415 358708
7 2885123 457165
8 3342288 552049
9 3894337 544553
10 4438890 545933
11 4984823 454880
12 5439703 538327
13 5978030 294917
14 6272947 544843
15 6817790 462592
16 7280382 3412645
17 10693027 492377
18 11185404 539610
19 11725014 374521
20 12099535 531288
21 12630823 3841806
22 16472629 738733
23 17211362 481156
24 17692518 16564
25 17709082 734847
26 18443929 383078
27 18827007 368671
28 19195678 575790
29 19771468 464704
30 20236172 398292
31 20634464 451877
32 21086341 395285
33 21481626 386236
34 21867862 398005
35 22265867 429441
36 22695308 253163
